-5.102999999999999897e-02 3.680199999999999818e+02
-4.800000000000000100e-02 3.617799999999999727e+02
-4.628000000000000169e-02 3.596499999999999773e+02
-4.441000000000000503e-02 3.571100000000000136e+02
-4.308000000000000024e-02 3.539499999999999886e+02
-4.231000000000000039e-02 3.537200000000000273e+02
-4.112999999999999989e-02 3.524200000000000159e+02
-3.996999999999999859e-02 3.508100000000000023e+02
-3.941000000000000059e-02 3.498000000000000114e+02
-3.896999999999999770e-02 3.492799999999999727e+02
-3.806999999999999967e-02 3.476000000000000227e+02
-3.721000000000000002e-02 3.454399999999999977e+02
-3.661999999999999977e-02 3.447200000000000273e+02
-3.613999999999999851e-02 3.439700000000000273e+02
-3.576000000000000012e-02 3.431100000000000136e+02
-3.491999999999999965e-02 3.420500000000000114e+02
-3.307999999999999829e-02 3.413299999999999841e+02
-3.303000000000000380e-02 3.394599999999999795e+02
-2.913999999999999924e-02 3.348500000000000227e+02
-2.680000000000000090e-02 3.355500000000000114e+02
-2.666999999999999926e-02 3.323700000000000045e+02
-2.556999999999999898e-02 3.323700000000000045e+02
-2.413000000000000214e-02 3.315500000000000114e+02
-2.209000000000000200e-02 3.284200000000000159e+02
-2.204000000000000056e-02 3.303500000000000227e+02
-2.086999999999999966e-02 3.263100000000000023e+02
-2.065999999999999781e-02 3.266499999999999773e+02
-2.064000000000000209e-02 3.249100000000000250e+02
-2.021999999999999839e-02 3.245600000000000023e+02
-1.941999999999999976e-02 3.247099999999999795e+02
-1.898000000000000034e-02 3.250799999999999841e+02
-1.881000000000000033e-02 3.240899999999999750e+02
-1.854000000000000092e-02 3.203799999999999955e+02
-1.678999999999999937e-02 3.204900000000000091e+02
-1.654999999999999874e-02 3.221700000000000159e+02
-1.586999999999999869e-02 3.209800000000000182e+02
-1.529999999999999936e-02 3.191999999999999886e+02
-1.523000000000000048e-02 3.198899999999999864e+02
-1.355999999999999914e-02 3.191200000000000045e+02
-1.319999999999999993e-02 3.190699999999999932e+02
-1.262000000000000101e-02 3.186100000000000136e+02
-1.254000000000000080e-02 3.174499999999999886e+02
-1.239999999999999956e-02 3.191399999999999864e+02
-1.232000000000000109e-02 3.175199999999999818e+02
-1.171999999999999952e-02 3.165899999999999750e+02
-1.056999999999999953e-02 3.182099999999999795e+02
-1.030999999999999972e-02 3.130899999999999750e+02
-9.090000000000000857e-03 3.119800000000000182e+02
-8.559999999999999901e-03 3.163299999999999841e+02
-8.099999999999999561e-03 3.161000000000000227e+02
-7.870000000000000259e-03 3.145699999999999932e+02
-7.259999999999999093e-03 3.152699999999999818e+02
-7.199999999999999803e-03 3.163299999999999841e+02
-7.100000000000000408e-03 3.144399999999999977e+02
-6.160000000000000545e-03 3.153399999999999750e+02
-4.799999999999999580e-03 3.147099999999999795e+02
-3.789999999999999966e-03 3.131700000000000159e+02
-3.710000000000000190e-03 3.128000000000000114e+02
-3.560000000000000230e-03 3.122200000000000273e+02
-2.380000000000000171e-03 3.121800000000000068e+02
-2.500000000000000052e-04 3.120000000000000000e+02
3.299999999999999982e-04 3.136600000000000250e+02
1.229999999999999974e-03 3.096899999999999977e+02
2.289999999999999935e-03 3.115699999999999932e+02
3.339999999999999653e-03 3.103600000000000136e+02
3.370000000000000166e-03 3.128700000000000045e+02
4.379999999999999345e-03 3.125600000000000023e+02
4.439999999999999503e-03 3.119700000000000273e+02
4.610000000000000382e-03 3.118100000000000023e+02
5.040000000000000209e-03 3.104399999999999977e+02
5.239999999999999866e-03 3.112799999999999727e+02
5.490000000000000088e-03 3.102200000000000273e+02
6.429999999999999952e-03 3.123600000000000136e+02
7.790000000000000917e-03 3.118799999999999955e+02
7.960000000000000062e-03 3.128399999999999750e+02
8.219999999999999876e-03 3.123899999999999864e+02
9.159999999999999740e-03 3.118000000000000114e+02
9.249999999999999542e-03 3.077400000000000091e+02
1.002999999999999899e-02 3.098000000000000114e+02
1.040999999999999912e-02 3.109499999999999886e+02
1.077999999999999965e-02 3.112099999999999795e+02
1.102999999999999987e-02 3.104599999999999795e+02
1.183999999999999983e-02 3.084800000000000182e+02
1.187000000000000034e-02 3.119399999999999977e+02
1.213000000000000016e-02 3.115199999999999818e+02
1.222999999999999955e-02 3.123299999999999841e+02
1.314000000000000064e-02 3.074100000000000250e+02
1.413000000000000193e-02 3.093399999999999750e+02
1.429000000000000062e-02 3.072599999999999909e+02
1.494000000000000015e-02 3.063199999999999932e+02
1.611999999999999891e-02 3.096299999999999955e+02
1.641000000000000097e-02 3.070799999999999841e+02
1.721999999999999920e-02 3.059399999999999977e+02
1.745999999999999983e-02 3.082799999999999727e+02
1.771000000000000005e-02 3.082599999999999909e+02
1.916999999999999954e-02 3.057400000000000091e+02
2.060999999999999985e-02 3.053799999999999955e+02
2.126000000000000112e-02 3.057799999999999727e+02
2.145999999999999991e-02 3.057099999999999795e+02
2.184000000000000177e-02 3.056700000000000159e+02
2.220000000000000098e-02 3.080199999999999818e+02
2.469000000000000014e-02 3.049700000000000273e+02
2.525000000000000161e-02 3.047200000000000273e+02
2.716000000000000358e-02 3.061999999999999886e+02
2.748999999999999708e-02 3.031800000000000068e+02
3.028999999999999748e-02 3.018799999999999955e+02
3.133000000000000368e-02 3.046100000000000136e+02
3.212999999999999884e-02 3.038500000000000227e+02
3.421000000000000429e-02 3.019200000000000159e+02
3.561000000000000276e-02 3.006999999999999886e+02
3.747999999999999943e-02 3.013000000000000114e+02
3.871000000000000135e-02 2.992599999999999909e+02
3.889999999999999708e-02 2.977300000000000182e+02
3.928000000000000241e-02 2.981100000000000136e+02
4.023999999999999799e-02 2.978700000000000045e+02
4.148000000000000298e-02 3.015000000000000000e+02
4.422999999999999848e-02 2.996299999999999955e+02
4.445999999999999952e-02 2.973299999999999841e+02
4.465000000000000219e-02 2.990199999999999818e+02
4.608999999999999903e-02 2.959900000000000091e+02
4.830000000000000265e-02 2.956100000000000136e+02
4.981999999999999623e-02 2.942200000000000273e+02
5.106000000000000122e-02 2.970500000000000114e+02
5.133999999999999675e-02 2.952799999999999727e+02
5.623999999999999833e-02 2.938100000000000023e+02
5.634000000000000119e-02 2.931700000000000159e+02
5.693999999999999756e-02 2.953199999999999932e+02
5.712000000000000410e-02 2.948600000000000136e+02
5.761000000000000149e-02 2.951700000000000159e+02
6.012999999999999595e-02 2.909200000000000159e+02
6.098999999999999561e-02 2.923399999999999750e+02
6.260999999999999899e-02 2.943399999999999750e+02
6.439999999999999891e-02 2.881200000000000045e+02
6.582000000000000350e-02 2.892300000000000182e+02
6.621000000000000496e-02 2.897599999999999909e+02
6.708000000000000074e-02 2.924599999999999795e+02
7.005000000000000115e-02 2.877699999999999818e+02
7.309000000000000219e-02 2.893299999999999841e+02
7.626000000000000834e-02 2.915600000000000023e+02
7.717000000000000248e-02 2.866600000000000250e+02
7.996000000000000330e-02 2.863299999999999841e+02
8.033999999999999475e-02 2.879900000000000091e+02
8.158999999999999586e-02 2.895400000000000205e+02
8.227000000000000979e-02 2.879900000000000091e+02
8.326000000000000068e-02 2.850500000000000114e+02
8.587000000000000188e-02 2.866499999999999773e+02
8.702000000000000013e-02 2.853500000000000227e+02
8.816999999999999837e-02 2.871700000000000159e+02
9.116000000000000492e-02 2.866299999999999955e+02
9.337999999999999079e-02 2.831600000000000250e+02
9.527999999999998970e-02 2.855699999999999932e+02
9.629000000000000059e-02 2.880500000000000114e+02
9.888999999999999180e-02 2.854700000000000273e+02
9.917000000000000814e-02 2.887900000000000205e+02
9.973999999999999533e-02 2.840000000000000000e+02
1.026799999999999935e-01 2.868399999999999750e+02
1.040999999999999981e-01 2.836200000000000045e+02
1.053499999999999992e-01 2.831800000000000068e+02
1.055400000000000088e-01 2.835299999999999727e+02
1.067099999999999854e-01 2.815799999999999841e+02
1.091700000000000031e-01 2.836499999999999773e+02
1.132999999999999979e-01 2.841499999999999773e+02
1.168200000000000072e-01 2.838199999999999932e+02
1.171299999999999980e-01 2.850899999999999750e+02
1.230799999999999950e-01 2.859100000000000250e+02
1.252599999999999825e-01 2.813600000000000136e+02
1.363400000000000167e-01 2.844300000000000068e+02
1.506599999999999884e-01 2.828000000000000114e+02
1.535299999999999998e-01 2.803999999999999773e+02
1.540600000000000025e-01 2.823000000000000114e+02
1.559000000000000108e-01 2.816200000000000045e+02
1.696999999999999897e-01 2.730699999999999932e+02
1.705099999999999949e-01 2.802400000000000091e+02
1.765400000000000025e-01 2.778600000000000136e+02
1.862999999999999934e-01 2.763999999999999773e+02
1.871200000000000085e-01 2.771600000000000250e+02
1.978700000000000181e-01 2.780000000000000000e+02
1.980699999999999961e-01 2.764599999999999795e+02
2.008800000000000030e-01 2.776000000000000227e+02
2.087400000000000089e-01 2.768100000000000023e+02
2.161300000000000165e-01 2.783100000000000023e+02
2.269899999999999973e-01 2.770099999999999909e+02
2.271400000000000086e-01 2.782699999999999818e+02
2.559299999999999908e-01 2.773600000000000136e+02
2.602599999999999913e-01 2.763199999999999932e+02
2.681100000000000150e-01 2.766600000000000250e+02
3.009000000000000008e-01 2.780199999999999818e+02
3.101900000000000213e-01 2.766899999999999977e+02
3.214000000000000190e-01 2.737799999999999727e+02
3.405400000000000094e-01 2.711100000000000136e+02
3.465799999999999992e-01 2.750699999999999932e+02
3.590099999999999958e-01 2.793600000000000136e+02
3.618199999999999750e-01 2.811100000000000136e+02
3.769899999999999918e-01 2.825699999999999932e+02
3.901399999999999868e-01 2.818299999999999841e+02
4.003499999999999837e-01 2.835299999999999727e+02
4.203199999999999714e-01 2.839499999999999886e+02
4.484699999999999798e-01 2.831200000000000045e+02
4.806000000000000272e-01 2.803100000000000023e+02
5.008399999999999519e-01 2.822300000000000182e+02
5.211999999999999966e-01 2.797300000000000182e+02
5.391399999999999526e-01 2.796999999999999886e+02
5.596700000000000008e-01 2.809100000000000250e+02
6.011499999999999622e-01 2.783600000000000136e+02
6.198799999999999866e-01 2.840699999999999932e+02
6.425499999999999545e-01 2.815799999999999841e+02
6.717999999999999527e-01 2.784300000000000068e+02
6.904899999999999372e-01 2.821999999999999886e+02
6.987300000000000733e-01 2.824100000000000250e+02
7.390499999999999847e-01 2.836899999999999977e+02
7.501899999999999125e-01 2.845400000000000205e+02
7.840199999999999392e-01 2.839700000000000273e+02
8.037100000000000355e-01 2.845099999999999909e+02
8.343899999999999650e-01 2.828399999999999750e+02
8.505899999999999572e-01 2.830899999999999750e+02
8.798000000000000265e-01 2.828399999999999750e+02
9.008200000000000651e-01 2.809700000000000273e+02
9.099200000000000621e-01 2.809200000000000159e+02
9.307299999999999462e-01 2.800600000000000023e+02
9.324200000000000266e-01 2.798000000000000114e+02
9.673500000000000432e-01 2.787400000000000091e+02
9.923499999999999543e-01 2.774100000000000250e+02
1.035870000000000068e+00 2.801100000000000136e+02
1.074589999999999934e+00 2.794200000000000159e+02
1.127670000000000172e+00 2.786200000000000045e+02
1.156900000000000039e+00 2.797200000000000273e+02
1.187699999999999978e+00 2.792900000000000205e+02
1.219570000000000043e+00 2.799900000000000091e+02
1.248750000000000027e+00 2.771000000000000227e+02
1.280820000000000070e+00 2.784499999999999886e+02
1.313000000000000167e+00 2.795899999999999750e+02
1.335480000000000000e+00 2.778700000000000045e+02
1.367589999999999861e+00 2.761999999999999886e+02
1.392529999999999824e+00 2.784599999999999795e+02
1.398379999999999956e+00 2.765600000000000023e+02
1.432039999999999980e+00 2.767900000000000205e+02
1.461870000000000003e+00 2.771100000000000136e+02
1.513060000000000072e+00 2.800000000000000000e+02
1.543639999999999901e+00 2.791299999999999955e+02
1.565770000000000106e+00 2.772500000000000000e+02
1.592670000000000030e+00 2.778000000000000114e+02
1.632449999999999957e+00 2.816899999999999977e+02
1.654400000000000093e+00 2.809100000000000250e+02
1.675559999999999938e+00 2.802400000000000091e+02
1.683899999999999952e+00 2.783100000000000023e+02
1.709400000000000031e+00 2.802500000000000000e+02
1.775470000000000104e+00 2.775600000000000023e+02
1.796470000000000011e+00 2.780699999999999932e+02
1.814000000000000057e+00 2.781000000000000227e+02
1.845999999999999863e+00 2.775000000000000000e+02
1.894000000000000128e+00 2.773999999999999773e+02
1.919999999999999929e+00 2.778999999999999773e+02
1.949000000000000066e+00 2.766999999999999886e+02
1.999709999999999877e+00 2.780000000000000000e+02
2.093359999999999665e+00 2.768999999999999773e+02
2.234240000000000226e+00 2.766999999999999886e+02
2.265550000000000175e+00 2.766999999999999886e+02
2.414320000000000022e+00 2.776000000000000227e+02
2.526120000000000143e+00 2.778999999999999773e+02
2.628020000000000245e+00 2.738999999999999773e+02
2.708479999999999777e+00 2.788999999999999773e+02
2.801759999999999806e+00 2.753000000000000114e+02
2.904549999999999965e+00 2.746999999999999886e+02
2.948819999999999997e+00 2.763000000000000114e+02
3.056599999999999984e+00 2.746000000000000227e+02
3.255729999999999791e+00 2.763000000000000114e+02
3.283659999999999801e+00 2.731000000000000227e+02
3.431119999999999504e+00 2.740000000000000000e+02
3.528290000000000148e+00 2.750000000000000000e+02
3.644460000000000033e+00 2.733999999999999773e+02
3.693409999999999638e+00 2.730000000000000000e+02
3.806859999999999911e+00 2.715000000000000000e+02
3.856169999999999654e+00 2.753999999999999773e+02
3.968949999999999978e+00 2.748999999999999773e+02
4.108670000000000044e+00 2.716999999999999886e+02
4.205840000000000245e+00 2.716000000000000227e+02
4.275079999999999991e+00 2.728000000000000114e+02
4.342819999999999681e+00 2.715000000000000000e+02
4.494359999999999467e+00 2.711000000000000227e+02
4.592819999999999681e+00 2.691000000000000227e+02
4.647459999999999702e+00 2.698000000000000114e+02
4.772999999999999687e+00 2.715000000000000000e+02
4.921199999999999797e+00 2.706999999999999886e+02
4.981580000000000119e+00 2.693000000000000114e+02
5.086790000000000589e+00 2.686000000000000227e+02
5.218569999999999709e+00 2.698000000000000114e+02
5.311180000000000234e+00 2.676000000000000227e+02
5.357549999999999812e+00 2.653000000000000114e+02
5.533290000000000042e+00 2.651999999999999886e+02
5.581299999999999706e+00 2.676000000000000227e+02
5.757609999999999673e+00 2.658999999999999773e+02
5.852260000000000240e+00 2.655000000000000000e+02
5.934090000000000309e+00 2.606999999999999886e+02
5.999380000000000379e+00 2.666999999999999886e+02
6.089809999999999945e+00 2.655000000000000000e+02
6.301960000000000228e+00 2.631999999999999886e+02
6.337209999999999788e+00 2.626999999999999886e+02
6.401240000000000485e+00 2.611999999999999886e+02
6.572289999999999743e+00 2.611000000000000227e+02
6.682549999999999990e+00 2.593999999999999773e+02
6.769650000000000389e+00 2.621000000000000227e+02
6.880310000000000592e+00 2.628999999999999773e+02
6.970080000000000275e+00 2.581000000000000227e+02
7.038269999999999804e+00 2.576000000000000227e+02
7.188069999999999737e+00 2.623000000000000114e+02
7.274010000000000531e+00 2.630000000000000000e+02
7.405319999999999681e+00 2.606999999999999886e+02
7.497869999999999813e+00 2.583999999999999773e+02
7.661369999999999791e+00 2.601000000000000227e+02
7.719589999999999286e+00 2.603999999999999773e+02
7.860180000000000611e+00 2.596999999999999886e+02
7.926369999999999472e+00 2.591999999999999886e+02
7.975850000000000328e+00 2.608000000000000114e+02
8.116279999999999717e+00 2.596000000000000227e+02
8.194800000000000750e+00 2.593000000000000114e+02
8.351879999999999526e+00 2.583000000000000114e+02
8.459680000000000533e+00 2.613000000000000114e+02
8.546580000000000510e+00 2.606999999999999886e+02
8.710679999999999978e+00 2.618000000000000114e+02
8.781280000000000641e+00 2.590000000000000000e+02
8.911849999999999383e+00 2.608999999999999773e+02
8.992989999999998929e+00 2.603999999999999773e+02
9.060169999999999391e+00 2.593000000000000114e+02
9.143010000000000304e+00 2.620000000000000000e+02
9.295310000000000628e+00 2.636999999999999886e+02
9.361119999999999663e+00 2.638000000000000114e+02
9.436700000000000088e+00 2.651999999999999886e+02
9.518060000000000187e+00 2.606000000000000227e+02
9.524440000000000239e+00 2.608999999999999773e+02
9.555860000000000909e+00 2.630000000000000000e+02
9.573269999999999058e+00 2.638000000000000114e+02
9.901040000000000063e+00 2.643999999999999773e+02
9.992610000000000881e+00 2.641999999999999886e+02
1.013449999999999918e+01 2.640000000000000000e+02
1.019294999999999973e+01 2.633999999999999773e+02
1.029954999999999998e+01 2.656999999999999886e+02
1.036655999999999977e+01 2.648999999999999773e+02
1.050554999999999950e+01 2.675000000000000000e+02
1.068048000000000108e+01 2.668999999999999773e+02
1.080181000000000147e+01 2.660000000000000000e+02
1.083573999999999948e+01 2.651000000000000227e+02
1.095448000000000022e+01 2.676000000000000227e+02
1.108962000000000003e+01 2.648000000000000114e+02
1.116106000000000087e+01 2.648000000000000114e+02
1.118586999999999954e+01 2.650000000000000000e+02
1.120058000000000042e+01 2.653000000000000114e+02
1.125656999999999996e+01 2.643999999999999773e+02
1.131698000000000093e+01 2.641000000000000227e+02
1.133936999999999884e+01 2.648100000000000023e+02
1.138316000000000017e+01 2.648399999999999750e+02
1.139986000000000033e+01 2.681600000000000250e+02
1.141745000000000054e+01 2.644800000000000182e+02
1.143593000000000082e+01 2.701399999999999864e+02
1.145306000000000068e+01 2.688700000000000045e+02
1.147279999999999944e+01 2.691000000000000227e+02
1.149044999999999916e+01 2.671700000000000159e+02
1.150722999999999985e+01 2.676600000000000250e+02
1.152393000000000001e+01 2.695099999999999909e+02
1.154359999999999964e+01 2.668999999999999773e+02
1.155961000000000105e+01 2.627400000000000091e+02
1.157641000000000098e+01 2.670899999999999750e+02
1.159223999999999855e+01 2.606999999999999886e+02
1.161131000000000135e+01 2.613000000000000114e+02
1.162896999999999892e+01 2.662200000000000273e+02
1.164791999999999916e+01 2.571299999999999955e+02
1.166453999999999880e+01 2.475500000000000114e+02
1.168281999999999954e+01 2.546200000000000045e+02
1.170143999999999984e+01 2.539900000000000091e+02
1.171972000000000058e+01 2.560400000000000205e+02
1.174065000000000047e+01 2.558899999999999864e+02
1.175921000000000127e+01 2.587400000000000091e+02
1.178072000000000052e+01 2.582500000000000000e+02
1.180278999999999989e+01 2.585299999999999727e+02
1.182049999999999912e+01 2.571700000000000159e+02
1.184332999999999991e+01 2.543100000000000023e+02
1.186312000000000033e+01 2.536299999999999955e+02
1.188316999999999979e+01 2.515600000000000023e+02
1.190491000000000099e+01 2.559000000000000057e+02
1.192696000000000112e+01 2.585699999999999932e+02
1.194808999999999877e+01 2.489199999999999875e+02
1.196954999999999991e+01 2.539900000000000091e+02
1.199068999999999896e+01 2.553899999999999864e+02
1.201590000000000025e+01 2.478499999999999943e+02
1.203731999999999935e+01 2.484099999999999966e+02
1.205879999999999974e+01 2.530999999999999943e+02
1.207985000000000042e+01 2.510300000000000011e+02
1.210524999999999984e+01 2.556599999999999966e+02
1.212457999999999991e+01 2.530200000000000102e+02
1.214649999999999963e+01 2.511399999999999864e+02
1.216848000000000063e+01 2.514199999999999875e+02
1.219040999999999997e+01 2.509699999999999989e+02
1.221133999999999986e+01 2.496500000000000057e+02
1.223292000000000002e+01 2.492299999999999898e+02
1.225647999999999982e+01 2.489499999999999886e+02
1.228077000000000041e+01 2.493799999999999955e+02
1.230103999999999864e+01 2.489199999999999875e+02
1.232127999999999979e+01 2.507299999999999898e+02
1.234311999999999898e+01 2.469699999999999989e+02
1.236528000000000027e+01 2.443100000000000023e+02
1.238831000000000060e+01 2.430000000000000000e+02
1.240938000000000052e+01 2.464000000000000057e+02
1.243192999999999948e+01 2.476699999999999875e+02
1.245481999999999978e+01 2.458300000000000125e+02
1.247538999999999909e+01 2.461800000000000068e+02
1.249583999999999939e+01 2.444199999999999875e+02
1.252134999999999998e+01 2.467400000000000091e+02
1.254372000000000043e+01 2.499199999999999875e+02
1.256461999999999968e+01 2.442700000000000102e+02
1.258660000000000068e+01 2.470200000000000102e+02
1.260763999999999996e+01 2.480900000000000034e+02
1.262984999999999935e+01 2.469399999999999977e+02
1.265363999999999933e+01 2.439499999999999886e+02
1.267389999999999972e+01 2.425300000000000011e+02
1.269713999999999920e+01 2.442400000000000091e+02
1.271979999999999933e+01 2.415900000000000034e+02
1.273991000000000007e+01 2.473000000000000114e+02
1.276257999999999981e+01 2.400200000000000102e+02
1.278563000000000116e+01 2.415000000000000000e+02
1.280926999999999971e+01 2.422299999999999898e+02
1.283014999999999972e+01 2.421500000000000057e+02
1.285271000000000008e+01 2.393499999999999943e+02
1.287397999999999954e+01 2.412400000000000091e+02
1.289338000000000051e+01 2.394399999999999977e+02
1.291711000000000098e+01 2.387899999999999920e+02
1.293923000000000023e+01 2.381800000000000068e+02
1.295974999999999966e+01 2.407100000000000080e+02
1.298088000000000086e+01 2.371500000000000057e+02
1.300106000000000073e+01 2.394199999999999875e+02
1.302191999999999972e+01 2.346800000000000068e+02
1.304368999999999978e+01 2.388600000000000136e+02
1.306658999999999970e+01 2.379099999999999966e+02
1.308821999999999974e+01 2.415600000000000023e+02
1.312845000000000084e+01 2.348199999999999932e+02
1.317267000000000188e+01 2.369099999999999966e+02
1.321620000000000061e+01 2.394099999999999966e+02
1.326697000000000060e+01 2.404199999999999875e+02
1.330414999999999992e+01 2.368600000000000136e+02
1.341810000000000080e+01 2.378300000000000125e+02
1.348673999999999928e+01 2.402500000000000000e+02
1.353175000000000061e+01 2.358300000000000125e+02
1.360081000000000095e+01 2.438600000000000136e+02
1.364535000000000053e+01 2.385500000000000114e+02
1.371282999999999852e+01 2.415900000000000034e+02
1.375872999999999813e+01 2.411100000000000136e+02
1.382719999999999949e+01 2.390800000000000125e+02
1.387157000000000195e+01 2.379499999999999886e+02
1.394022999999999968e+01 2.405699999999999932e+02
1.400178999999999974e+01 2.359199999999999875e+02
1.402286000000000143e+01 2.378700000000000045e+02
1.406008999999999887e+01 2.412700000000000102e+02
1.408447000000000138e+01 2.328799999999999955e+02
1.412006000000000050e+01 2.364000000000000057e+02
1.415659999999999918e+01 2.392400000000000091e+02
1.417955000000000076e+01 2.393600000000000136e+02
1.420556000000000019e+01 2.383600000000000136e+02
1.423745000000000083e+01 2.365999999999999943e+02
1.427302000000000071e+01 2.402100000000000080e+02
1.429872000000000121e+01 2.390399999999999920e+02
1.430860999999999983e+01 2.358000000000000114e+02
1.434316000000000102e+01 2.420800000000000125e+02
1.435447999999999880e+01 2.383899999999999864e+02
1.437498999999999860e+01 2.403300000000000125e+02
1.441060000000000052e+01 2.425500000000000114e+02
1.442222999999999900e+01 2.425999999999999943e+02
1.444327999999999967e+01 2.409499999999999886e+02
1.446357999999999855e+01 2.386100000000000136e+02
1.449721000000000082e+01 2.420600000000000023e+02
1.452084999999999937e+01 2.411399999999999864e+02
1.453129999999999988e+01 2.431699999999999875e+02
1.454166000000000025e+01 2.358300000000000125e+02
1.455292999999999815e+01 2.417299999999999898e+02
1.456352000000000046e+01 2.398600000000000136e+02
1.457592999999999961e+01 2.397700000000000102e+02
1.458619000000000021e+01 2.379699999999999989e+02
1.459547000000000061e+01 2.353100000000000023e+02
1.460621000000000080e+01 2.375900000000000034e+02
1.461938999999999922e+01 2.379699999999999989e+02
1.462998999999999938e+01 2.400999999999999943e+02
1.464520000000000088e+01 2.381200000000000045e+02
1.465226000000000006e+01 2.346200000000000045e+02
1.466408999999999985e+01 2.334199999999999875e+02
1.467512000000000150e+01 2.343400000000000034e+02
1.468637000000000192e+01 2.374900000000000091e+02
1.469669000000000025e+01 2.289099999999999966e+02
1.470696000000000048e+01 2.281800000000000068e+02
1.471812000000000076e+01 2.305300000000000011e+02
1.473087999999999909e+01 2.345399999999999920e+02
1.474319000000000024e+01 2.314799999999999898e+02
1.475852000000000075e+01 2.279000000000000057e+02
1.476341000000000037e+01 2.246399999999999864e+02
1.477627999999999808e+01 2.273899999999999864e+02
1.478782999999999959e+01 2.277899999999999920e+02
1.479913999999999952e+01 2.285000000000000000e+02
1.481061000000000050e+01 2.275800000000000125e+02
1.482238999999999862e+01 2.265099999999999909e+02
1.483474999999999966e+01 2.284000000000000057e+02
1.484477000000000046e+01 2.278700000000000045e+02
1.485752999999999879e+01 2.331699999999999875e+02
1.486917999999999829e+01 2.322199999999999989e+02
1.488066000000000066e+01 2.278499999999999943e+02
1.489245999999999981e+01 2.306299999999999955e+02
1.490421000000000085e+01 2.287199999999999989e+02
1.491591000000000022e+01 2.283600000000000136e+02
1.492902000000000129e+01 2.284699999999999989e+02
1.495366000000000106e+01 2.288899999999999864e+02
1.497647999999999868e+01 2.297899999999999920e+02
1.498726000000000091e+01 2.276500000000000057e+02
1.501147999999999882e+01 2.283700000000000045e+02
1.503477999999999959e+01 2.253799999999999955e+02
1.507252999999999865e+01 2.289900000000000091e+02
1.509581000000000017e+01 2.344699999999999989e+02
1.513352999999999859e+01 2.296699999999999875e+02
1.515652000000000044e+01 2.288100000000000023e+02
1.518111000000000033e+01 2.278400000000000034e+02
1.521887999999999863e+01 2.301800000000000068e+02
1.524343999999999966e+01 2.282700000000000102e+02
1.528073999999999977e+01 2.257700000000000102e+02
1.532094000000000023e+01 2.276399999999999864e+02
1.534523999999999866e+01 2.289199999999999875e+02
1.538284999999999947e+01 2.253899999999999864e+02
1.541007999999999889e+01 2.247400000000000091e+02
1.546292999999999829e+01 2.232700000000000102e+02
1.554640000000000022e+01 2.235300000000000011e+02
1.564942999999999884e+01 2.227599999999999909e+02
1.570478999999999914e+01 2.221599999999999966e+02
1.576767999999999859e+01 2.248600000000000136e+02
1.584495000000000076e+01 2.223600000000000136e+02
1.592024999999999935e+01 2.235099999999999909e+02
1.593652000000000157e+01 2.237700000000000102e+02
1.599549000000000021e+01 2.237199999999999989e+02
1.599897999999999954e+01 2.244099999999999966e+02
1.601467000000000240e+01 2.223899999999999864e+02
1.603378000000000014e+01 2.244799999999999898e+02
1.608299999999999841e+01 2.242400000000000091e+02
1.611413999999999902e+01 2.224099999999999966e+02
1.615120999999999896e+01 2.248600000000000136e+02
1.616671000000000191e+01 2.261899999999999977e+02
1.618746000000000151e+01 2.214900000000000091e+02
1.620870999999999995e+01 2.273199999999999932e+02
1.622296000000000049e+01 2.232400000000000091e+02
1.624056000000000211e+01 2.204900000000000091e+02
1.626072999999999880e+01 2.185600000000000023e+02
1.627873999999999910e+01 2.142199999999999989e+02
1.629696000000000211e+01 2.128400000000000034e+02
1.631742999999999810e+01 2.145999999999999943e+02
1.633725000000000094e+01 2.124300000000000068e+02
1.635422999999999760e+01 2.148300000000000125e+02
1.637489000000000061e+01 2.112100000000000080e+02
1.639189000000000007e+01 2.095099999999999909e+02
1.641071000000000168e+01 2.129499999999999886e+02
1.643131999999999948e+01 2.117899999999999920e+02
1.645837999999999823e+01 2.171899999999999977e+02
1.647203000000000017e+01 2.139399999999999977e+02
1.650992999999999711e+01 2.079499999999999886e+02
1.655350999999999928e+01 2.086500000000000057e+02
1.659000999999999948e+01 2.084600000000000080e+02
1.665587999999999980e+01 2.131500000000000057e+02
1.673352999999999824e+01 2.102500000000000000e+02
1.679755000000000109e+01 2.055300000000000011e+02
1.686932000000000187e+01 2.051899999999999977e+02
1.692882999999999782e+01 2.029300000000000068e+02
1.699477000000000260e+01 2.043199999999999932e+02
1.709185000000000088e+01 2.020999999999999943e+02
1.716369999999999862e+01 1.986299999999999955e+02
1.723624999999999829e+01 1.982899999999999920e+02
1.728790000000000049e+01 1.958799999999999955e+02
1.731187000000000253e+01 1.946500000000000057e+02
1.736049999999999827e+01 1.905000000000000000e+02
1.738530000000000086e+01 1.930200000000000102e+02
1.741002999999999901e+01 1.918899999999999864e+02
1.743496999999999986e+01 1.907599999999999909e+02
1.746098999999999890e+01 1.930000000000000000e+02
1.748528999999999911e+01 1.914799999999999898e+02
1.751087000000000060e+01 1.915900000000000034e+02
1.753458999999999790e+01 1.923700000000000045e+02
1.756146000000000029e+01 1.926200000000000045e+02
1.758624999999999972e+01 1.969600000000000080e+02
1.761200000000000188e+01 1.957899999999999920e+02
1.763787999999999911e+01 1.932100000000000080e+02
1.766506000000000043e+01 1.943799999999999955e+02
1.769121000000000166e+01 1.915200000000000102e+02
1.771705000000000041e+01 1.895200000000000102e+02
1.774374999999999858e+01 1.904099999999999966e+02
1.776970999999999989e+01 1.916999999999999886e+02
1.779757000000000033e+01 1.872500000000000000e+02
1.782542999999999722e+01 1.912100000000000080e+02
1.785460000000000136e+01 1.895200000000000102e+02
1.788100000000000023e+01 1.902599999999999909e+02
1.790716000000000108e+01 1.917199999999999989e+02
1.793599000000000032e+01 1.885399999999999920e+02
1.796583000000000041e+01 1.886599999999999966e+02
1.799203999999999937e+01 1.889600000000000080e+02
1.802445000000000164e+01 1.877899999999999920e+02
1.805009000000000086e+01 1.877299999999999898e+02
1.808160000000000167e+01 1.886399999999999864e+02
1.811063000000000045e+01 1.885900000000000034e+02
1.813975999999999900e+01 1.848799999999999955e+02
1.817315999999999931e+01 1.890099999999999909e+02
1.820178999999999903e+01 1.856500000000000057e+02
1.823217999999999961e+01 1.888799999999999955e+02
1.826467999999999847e+01 1.885200000000000102e+02
1.829580999999999946e+01 1.890300000000000011e+02
1.832439000000000107e+01 1.871200000000000045e+02
1.836035000000000039e+01 1.887299999999999898e+02
1.839115999999999929e+01 1.882100000000000080e+02
1.842242999999999853e+01 1.884699999999999989e+02
1.845782999999999774e+01 1.874499999999999886e+02
1.848658999999999963e+01 1.870900000000000034e+02
1.851998999999999995e+01 1.876699999999999875e+02
1.858294000000000068e+01 1.885699999999999932e+02
1.867739999999999867e+01 1.939000000000000057e+02
1.874705000000000155e+01 1.912700000000000102e+02
1.880363999999999791e+01 1.929699999999999989e+02
1.883514999999999873e+01 1.884399999999999977e+02
1.886691000000000074e+01 1.885000000000000000e+02
1.899381999999999948e+01 1.927100000000000080e+02
1.915278999999999954e+01 1.910900000000000034e+02
1.928216000000000108e+01 1.915800000000000125e+02
1.944272999999999740e+01 1.915200000000000102e+02
1.956814999999999927e+01 1.889499999999999886e+02
1.962949000000000055e+01 1.914199999999999875e+02
1.979119000000000028e+01 1.935999999999999943e+02
1.988387999999999778e+01 1.960600000000000023e+02
2.001869999999999905e+01 1.937199999999999989e+02
2.021330999999999989e+01 1.904699999999999989e+02
2.040759999999999863e+01 1.899900000000000091e+02
2.053679999999999950e+01 1.939300000000000068e+02
2.066648999999999958e+01 1.877599999999999909e+02
2.082838999999999885e+01 1.926599999999999966e+02
2.096443000000000012e+01 1.908700000000000045e+02
2.106768999999999892e+01 1.884000000000000057e+02
2.121270000000000167e+01 1.900500000000000114e+02
2.134517999999999915e+01 1.872400000000000091e+02
2.156285000000000096e+01 1.852299999999999898e+02
2.179058999999999813e+01 1.879600000000000080e+02
2.191362999999999772e+01 1.907800000000000011e+02
2.205558999999999870e+01 1.873799999999999955e+02
2.223088999999999871e+01 1.912700000000000102e+02
2.229220000000000113e+01 1.872199999999999989e+02
2.234759999999999991e+01 1.870200000000000102e+02
2.255010000000000048e+01 1.846800000000000068e+02
2.260409999999999897e+01 1.852100000000000080e+02
2.265080000000000027e+01 1.884900000000000091e+02
2.274930000000000163e+01 1.900099999999999909e+02
2.283360000000000056e+01 1.861299999999999955e+02
2.299399999999999977e+01 1.894000000000000057e+02
2.301379999999999981e+01 1.905300000000000011e+02
2.310729999999999862e+01 1.900800000000000125e+02
2.318499999999999872e+01 1.885999999999999943e+02
2.327670000000000172e+01 1.976699999999999875e+02
2.335839999999999961e+01 1.935300000000000011e+02
2.344519999999999982e+01 1.867800000000000011e+02
2.360050000000000026e+01 1.879900000000000091e+02
2.387379999999999924e+01 1.831299999999999955e+02
2.407770000000000010e+01 1.846800000000000068e+02
2.426980000000000004e+01 1.867299999999999898e+02
2.464359999999999928e+01 1.805699999999999932e+02
2.516359999999999886e+01 1.806899999999999977e+02
2.535109999999999886e+01 1.826599999999999966e+02
2.554360000000000142e+01 1.833799999999999955e+02
2.578599999999999781e+01 1.865399999999999920e+02
2.601599999999999824e+01 1.845200000000000102e+02
2.625450000000000017e+01 1.845699999999999932e+02
2.631500000000000128e+01 1.837700000000000102e+02
2.646069999999999922e+01 1.860099999999999909e+02
2.653709999999999880e+01 1.855099999999999909e+02
2.670370000000000132e+01 1.854399999999999977e+02
2.685780000000000101e+01 1.864300000000000068e+02
2.695489999999999853e+01 1.880800000000000125e+02
2.704199999999999804e+01 1.873899999999999864e+02
2.708480000000000132e+01 1.862700000000000102e+02
2.717020000000000124e+01 1.949300000000000068e+02
2.728010000000000090e+01 1.900600000000000023e+02
2.744190000000000040e+01 1.919499999999999886e+02
2.750280000000000058e+01 1.912299999999999898e+02
2.754970000000000141e+01 1.915300000000000011e+02
2.758640000000000114e+01 1.919499999999999886e+02
2.766130000000000067e+01 1.914600000000000080e+02
2.768699999999999761e+01 1.927100000000000080e+02
2.771409999999999840e+01 1.906100000000000136e+02
2.771859999999999857e+01 1.893000000000000114e+02
2.782069999999999865e+01 1.875900000000000034e+02
2.786639999999999873e+01 1.905800000000000125e+02
2.788500000000000156e+01 1.892800000000000011e+02
2.792709999999999937e+01 1.889900000000000091e+02
2.797319999999999851e+01 1.892899999999999920e+02
2.809730000000000061e+01 1.899600000000000080e+02
2.821409999999999840e+01 1.918199999999999932e+02
2.827159999999999940e+01 1.915900000000000034e+02
2.836970000000000169e+01 1.926299999999999955e+02
2.841390000000000171e+01 1.891599999999999966e+02
2.842689999999999984e+01 1.896500000000000057e+02
2.857740000000000080e+01 1.930999999999999943e+02
2.862640000000000029e+01 1.928199999999999932e+02
2.872429999999999950e+01 1.938000000000000114e+02
2.884189999999999898e+01 1.938899999999999864e+02
2.890269999999999939e+01 1.926899999999999977e+02
2.894859999999999900e+01 1.932599999999999909e+02
2.900890000000000057e+01 1.928700000000000045e+02
2.915070000000000050e+01 1.922599999999999909e+02
2.920530000000000115e+01 1.880999999999999943e+02
2.924960000000000093e+01 1.923899999999999864e+02
2.932389999999999830e+01 1.910099999999999909e+02
2.936609999999999943e+01 1.898300000000000125e+02
2.941019999999999968e+01 1.892100000000000080e+02
2.960920000000000130e+01 1.892400000000000091e+02
2.968120000000000047e+01 1.897700000000000102e+02
2.974279999999999902e+01 1.912800000000000011e+02
2.983780000000000143e+01 1.909699999999999989e+02
2.995210000000000150e+01 1.913799999999999955e+02
2.999900000000000233e+01 1.915699999999999932e+02
3.010150000000000148e+01 1.882500000000000000e+02
3.018169999999999931e+01 1.884799999999999898e+02
3.027789999999999893e+01 1.865200000000000102e+02
3.031269999999999953e+01 1.859900000000000091e+02
3.040050000000000097e+01 1.843000000000000114e+02
3.052880000000000038e+01 1.829399999999999977e+02
3.071300000000000097e+01 1.871399999999999864e+02
3.077570000000000050e+01 1.903300000000000125e+02
3.110519999999999996e+01 1.880000000000000000e+02
3.135640000000000072e+01 1.884799999999999898e+02
3.152410000000000068e+01 1.899499999999999886e+02
3.179210000000000136e+01 1.937100000000000080e+02
3.181840000000000046e+01 1.929300000000000068e+02
3.193390000000000128e+01 1.925099999999999909e+02
3.202689999999999770e+01 1.933300000000000125e+02
3.207959999999999923e+01 1.939099999999999966e+02
3.214750000000000085e+01 1.964199999999999875e+02
3.215059999999999718e+01 1.969099999999999966e+02
3.230789999999999651e+01 1.924699999999999989e+02
3.236119999999999663e+01 1.952500000000000000e+02
3.243480000000000274e+01 1.941100000000000136e+02
3.251109999999999900e+01 1.946100000000000136e+02
3.259459999999999980e+01 1.944300000000000068e+02
3.267779999999999774e+01 1.950800000000000125e+02
3.271410000000000196e+01 1.959399999999999977e+02
3.281309999999999860e+01 1.993000000000000114e+02
3.288089999999999691e+01 1.966999999999999886e+02
3.300900000000000034e+01 1.963300000000000125e+02
3.314829999999999899e+01 1.976500000000000057e+02
3.341749999999999687e+01 1.969000000000000057e+02
3.349139999999999873e+01 1.971299999999999955e+02
3.355530000000000257e+01 1.978000000000000114e+02
3.375809999999999889e+01 2.000300000000000011e+02
3.384100000000000108e+01 1.956299999999999955e+02
3.388569999999999993e+01 1.952700000000000102e+02
3.390749999999999886e+01 1.944600000000000080e+02
3.392589999999999861e+01 1.944699999999999989e+02
3.395700000000000074e+01 1.964699999999999989e+02
3.399150000000000205e+01 1.954099999999999966e+02
3.406419999999999959e+01 1.959300000000000068e+02
3.419030000000000058e+01 1.948899999999999864e+02
3.425079999999999814e+01 1.957899999999999920e+02
3.431280000000000285e+01 1.962700000000000102e+02
3.433440000000000225e+01 1.961999999999999886e+02
3.455689999999999884e+01 1.996500000000000057e+02
3.460260000000000247e+01 1.994900000000000091e+02
3.461999999999999744e+01 2.002899999999999920e+02
3.464779999999999660e+01 1.988899999999999864e+02
3.471059999999999945e+01 1.971599999999999966e+02
3.482560000000000144e+01 2.028000000000000114e+02
3.486679999999999779e+01 2.030900000000000034e+02
3.508959999999999724e+01 1.987800000000000011e+02
3.516579999999999728e+01 2.035999999999999943e+02
3.528170000000000073e+01 2.053799999999999955e+02
3.533699999999999619e+01 2.044699999999999989e+02
3.535940000000000083e+01 2.036200000000000045e+02
3.538300000000000267e+01 2.013600000000000136e+02
3.544579999999999842e+01 2.003000000000000114e+02
3.549710000000000321e+01 2.010600000000000023e+02
3.550849999999999795e+01 2.020399999999999920e+02
3.553070000000000306e+01 2.018899999999999864e+02
3.556800000000000495e+01 2.018300000000000125e+02
3.567249999999999943e+01 2.018100000000000023e+02
3.570159999999999911e+01 2.005000000000000000e+02
3.585459999999999781e+01 2.032899999999999920e+02
3.594830000000000325e+01 1.988000000000000114e+02
3.608650000000000091e+01 2.041200000000000045e+02
3.617309999999999803e+01 2.017800000000000011e+02
3.626180000000000092e+01 2.000900000000000034e+02
3.650630000000000308e+01 1.989600000000000080e+02
3.659179999999999922e+01 2.050999999999999943e+02
3.666960000000000264e+01 2.037700000000000102e+02
3.671280000000000143e+01 2.037500000000000000e+02
3.682019999999999982e+01 2.027599999999999909e+02
3.693979999999999819e+01 2.035099999999999909e+02
3.702340000000000231e+01 2.063600000000000136e+02
3.711860000000000070e+01 2.101599999999999966e+02
3.714320000000000022e+01 2.073499999999999943e+02
3.729650000000000176e+01 2.082500000000000000e+02
3.730199999999999960e+01 2.096599999999999966e+02
3.733809999999999718e+01 2.065900000000000034e+02
3.743099999999999739e+01 2.125099999999999909e+02
3.746130000000000138e+01 2.098400000000000034e+02
3.761860000000000070e+01 2.143000000000000114e+02
3.764750000000000085e+01 2.121399999999999864e+02
3.777720000000000056e+01 2.120900000000000034e+02
3.789500000000000313e+01 2.142100000000000080e+02
3.800030000000000285e+01 2.112100000000000080e+02
3.808850000000000335e+01 2.143600000000000136e+02
3.816559999999999775e+01 2.083400000000000034e+02
3.819239999999999924e+01 2.065200000000000102e+02
3.828419999999999845e+01 2.074099999999999966e+02
3.835920000000000130e+01 2.080000000000000000e+02
3.841279999999999717e+01 2.107899999999999920e+02
3.847290000000000276e+01 2.072299999999999898e+02
3.853320000000000078e+01 2.100800000000000125e+02
3.857359999999999900e+01 2.082299999999999898e+02
3.862180000000000035e+01 2.047899999999999920e+02
3.867079999999999984e+01 2.044600000000000080e+02
3.872339999999999804e+01 2.065399999999999920e+02
3.881260000000000332e+01 2.060900000000000034e+02
3.887469999999999715e+01 2.056500000000000057e+02
3.895559999999999690e+01 2.059900000000000091e+02
3.897679999999999723e+01 2.023400000000000034e+02
3.905360000000000298e+01 2.042800000000000011e+02
3.912049999999999983e+01 2.073199999999999932e+02
3.926570000000000249e+01 2.086899999999999977e+02
3.930319999999999681e+01 2.095000000000000000e+02
3.931989999999999696e+01 2.093300000000000125e+02
3.933979999999999677e+01 2.078700000000000045e+02
3.937939999999999685e+01 2.047800000000000011e+02
3.940290000000000248e+01 1.915300000000000011e+02
3.945439999999999969e+01 1.981399999999999864e+02
3.951539999999999964e+01 2.004000000000000057e+02
3.962100000000000222e+01 1.956999999999999886e+02
3.970920000000000272e+01 1.966699999999999875e+02
3.975710000000000122e+01 1.935800000000000125e+02
3.988499999999999801e+01 1.938700000000000045e+02
3.990050000000000097e+01 1.975500000000000114e+02
4.004270000000000351e+01 1.925999999999999943e+02
4.011209999999999809e+01 1.930800000000000125e+02
4.014529999999999887e+01 1.936899999999999977e+02
4.030839999999999890e+01 1.979000000000000057e+02
4.048595000000000255e+01 2.013199999999999932e+02
4.055344000000000193e+01 2.014799999999999898e+02
4.075430000000000064e+01 2.004699999999999989e+02
4.090738999999999947e+01 2.009699999999999989e+02
4.116790000000000305e+01 2.015300000000000011e+02
4.130358999999999980e+01 2.041899999999999977e+02
4.160596999999999923e+01 2.054900000000000091e+02
4.175920999999999594e+01 2.011200000000000045e+02
4.190069000000000443e+01 1.998899999999999864e+02
4.231582000000000221e+01 2.009000000000000057e+02
4.262830000000000297e+01 2.048300000000000125e+02
4.284987000000000279e+01 2.063499999999999943e+02
4.296808000000000050e+01 2.042599999999999909e+02
4.317189000000000476e+01 2.031599999999999966e+02
4.335065999999999775e+01 2.016599999999999966e+02
4.351581999999999795e+01 2.042199999999999989e+02
4.366115999999999531e+01 2.031800000000000068e+02
4.380901000000000067e+01 2.016899999999999977e+02
4.409519999999999840e+01 2.043100000000000023e+02
4.420445000000000135e+01 2.020000000000000000e+02
4.435047000000000139e+01 2.062199999999999989e+02
4.449049999999999727e+01 2.048300000000000125e+02
4.465554000000000201e+01 2.122899999999999920e+02
4.481600999999999857e+01 2.104399999999999977e+02
4.499615999999999616e+01 2.114900000000000091e+02
4.514202000000000226e+01 2.079499999999999886e+02
4.528039000000000414e+01 2.139199999999999875e+02
4.546032000000000295e+01 2.145000000000000000e+02
4.569605999999999568e+01 2.175099999999999909e+02
4.587710999999999473e+01 2.227199999999999989e+02
4.605733000000000033e+01 2.217700000000000102e+02
4.618125999999999465e+01 2.192500000000000000e+02
4.630854999999999677e+01 2.183499999999999943e+02
4.663589999999999947e+01 2.164199999999999875e+02
4.674643999999999977e+01 2.141800000000000068e+02
4.688794000000000040e+01 2.108400000000000034e+02
4.708628000000000213e+01 2.102700000000000102e+02
4.731497999999999848e+01 2.075999999999999943e+02
4.752435999999999439e+01 2.042599999999999909e+02
4.771039000000000385e+01 2.037899999999999920e+02
4.794375000000000142e+01 2.056599999999999966e+02
4.822317999999999927e+01 2.061800000000000068e+02
4.842785999999999547e+01 2.009799999999999898e+02
4.898794999999999789e+01 2.015800000000000125e+02
4.930297999999999803e+01 2.001200000000000045e+02
4.946265999999999963e+01 2.040600000000000023e+02
4.972832000000000363e+01 2.038700000000000045e+02
5.000650999999999868e+01 2.043799999999999955e+02
5.022055000000000291e+01 2.067400000000000091e+02
5.052740999999999616e+01 2.074099999999999966e+02
5.102917000000000058e+01 2.076399999999999864e+02
5.143144999999999811e+01 2.115699999999999932e+02
5.177953000000000117e+01 2.150800000000000125e+02
5.208682000000000301e+01 2.138199999999999932e+02
5.238477999999999923e+01 2.190800000000000125e+02
5.257368000000000308e+01 2.207199999999999989e+02
5.280074000000000467e+01 2.211500000000000057e+02
5.310824999999999818e+01 2.237199999999999989e+02
5.340044999999999931e+01 2.232599999999999909e+02
5.380624999999999858e+01 2.211399999999999864e+02
5.415659999999999741e+01 2.203700000000000045e+02
5.438713000000000619e+01 2.179600000000000080e+02
5.469460999999999729e+01 2.138899999999999864e+02
5.501449000000000211e+01 2.168600000000000136e+02
5.529345999999999606e+01 2.081899999999999977e+02
5.555313000000000301e+01 2.147800000000000011e+02
5.590953999999999979e+01 2.102700000000000102e+02
5.623713000000000761e+01 2.076699999999999875e+02
5.650358000000000658e+01 2.124399999999999977e+02
5.721094000000000079e+01 2.156999999999999886e+02
5.747626999999999242e+01 2.173799999999999955e+02
5.784371999999999758e+01 2.237199999999999989e+02
5.821700999999999482e+01 2.243499999999999943e+02
5.843331999999999482e+01 2.231500000000000057e+02
5.910506999999999778e+01 2.312899999999999920e+02
5.938040999999999769e+01 2.263499999999999943e+02
5.973346999999999696e+01 2.234499999999999886e+02
6.010988000000000397e+01 2.166599999999999966e+02
6.037305999999999528e+01 2.128700000000000045e+02
6.051663000000000636e+01 2.172500000000000000e+02
6.081761999999999802e+01 2.137800000000000011e+02
6.106088000000000449e+01 2.079499999999999886e+02
6.123484000000000549e+01 2.105699999999999932e+02
6.155410999999999433e+01 2.109000000000000057e+02
6.190071999999999264e+01 2.063799999999999955e+02
6.255200999999999567e+01 2.025600000000000023e+02
6.277456999999999709e+01 2.027100000000000080e+02
6.296090000000000231e+01 2.001500000000000057e+02
6.355579000000000178e+01 1.974000000000000057e+02
6.389688000000000301e+01 1.972400000000000091e+02
6.411378000000000554e+01 1.997299999999999898e+02
6.465729000000000326e+01 2.036999999999999886e+02
6.486741999999999564e+01 2.016699999999999875e+02
6.504671999999999343e+01 1.991699999999999875e+02
6.554644999999999300e+01 2.089799999999999898e+02
6.576451000000000136e+01 1.981699999999999875e+02
6.593722999999999956e+01 2.005900000000000034e+02
6.643930999999999187e+01 2.043899999999999864e+02
6.695971000000000117e+01 2.072100000000000080e+02
6.731458999999999548e+01 2.011399999999999864e+02
6.772968000000000188e+01 2.037599999999999909e+02
6.814619000000000426e+01 2.001699999999999875e+02
6.861999000000000137e+01 2.034300000000000068e+02
6.908153000000000077e+01 2.054199999999999875e+02
6.959201999999999089e+01 2.112599999999999909e+02
7.005216000000000065e+01 2.155500000000000114e+02
7.042726000000000397e+01 2.203300000000000125e+02
7.092886999999998920e+01 2.251699999999999875e+02
7.127916999999999348e+01 2.350200000000000102e+02
7.169365000000000521e+01 2.375600000000000023e+02
7.209281000000000006e+01 2.394600000000000080e+02
7.249014999999999986e+01 2.327899999999999920e+02
7.286603999999999814e+01 2.323300000000000125e+02
7.321931999999999618e+01 2.308899999999999864e+02
7.375095999999999208e+01 2.327400000000000091e+02
7.422147999999999968e+01 2.313300000000000125e+02
7.452564999999999884e+01 2.412400000000000091e+02
7.506794999999999618e+01 2.432700000000000102e+02
7.554513000000000034e+01 2.495200000000000102e+02
7.585065000000000168e+01 2.499399999999999977e+02
7.624746999999999275e+01 2.393400000000000034e+02
7.669674000000000547e+01 2.380099999999999909e+02
7.705648000000000764e+01 2.316800000000000068e+02
7.761591999999998848e+01 2.249199999999999875e+02
7.808074999999999477e+01 2.266500000000000057e+02
7.850794999999999391e+01 2.241399999999999864e+02
7.896954000000000917e+01 2.273000000000000114e+02
7.941035999999999717e+01 2.292599999999999909e+02
7.987775999999999499e+01 2.347400000000000091e+02
8.033035999999999888e+01 2.305999999999999943e+02
8.072178999999999860e+01 2.339199999999999875e+02
8.120694000000000301e+01 2.303300000000000125e+02
8.171143000000000711e+01 2.341299999999999955e+02
8.206879000000000701e+01 2.388899999999999864e+02
8.252671999999999741e+01 2.408700000000000045e+02
8.298825999999999681e+01 2.463199999999999932e+02
8.355410999999999433e+01 2.470999999999999943e+02
8.394089999999999918e+01 2.507899999999999920e+02
8.435743999999999687e+01 2.431599999999999966e+02
8.493676999999999566e+01 2.384199999999999875e+02
8.536746999999999730e+01 2.346899999999999977e+02
8.589069000000000642e+01 2.287599999999999909e+02
8.649831999999999255e+01 2.233799999999999955e+02
8.702764000000000522e+01 2.210600000000000023e+02
8.758118000000000336e+01 2.236299999999999955e+02
8.813618000000001018e+01 2.178000000000000114e+02
8.870104999999999507e+01 2.239900000000000091e+02
8.924472000000000094e+01 2.273799999999999955e+02
8.969625999999999522e+01 2.288799999999999955e+02
9.031728999999999985e+01 2.297400000000000091e+02
9.083401999999999532e+01 2.315600000000000023e+02
9.144503000000000270e+01 2.311200000000000045e+02
9.194974000000000558e+01 2.337400000000000091e+02
9.266781999999999186e+01 2.324600000000000080e+02
9.342471000000000458e+01 2.351599999999999966e+02
9.382321000000000311e+01 2.382100000000000080e+02
9.456855000000000189e+01 2.424099999999999966e+02
9.523411000000000115e+01 2.429099999999999966e+02
9.592148000000000252e+01 2.461999999999999886e+02
9.647487999999999886e+01 2.457599999999999909e+02
9.727089000000000851e+01 2.423499999999999943e+02
9.792745999999999640e+01 2.398600000000000136e+02
9.858371999999999957e+01 2.431800000000000068e+02
9.936141999999999541e+01 2.429900000000000091e+02
1.000768499999999932e+02 2.456299999999999955e+02
1.005431800000000067e+02 2.478700000000000045e+02
1.013256800000000055e+02 2.447599999999999909e+02
1.019718900000000019e+02 2.400699999999999932e+02
1.027647800000000018e+02 2.370699999999999932e+02
1.033087400000000002e+02 2.406800000000000068e+02
1.042743300000000062e+02 2.477599999999999909e+02
1.043312300000000050e+02 2.388799999999999955e+02
1.049664499999999947e+02 2.423600000000000136e+02
1.055071499999999958e+02 2.487800000000000011e+02
1.059898699999999963e+02 2.575799999999999841e+02
1.062563800000000072e+02 2.414000000000000057e+02
1.063682500000000033e+02 2.448300000000000125e+02
1.069748199999999940e+02 2.403400000000000034e+02
1.084019100000000151e+02 2.364300000000000068e+02
1.091294199999999961e+02 2.444399999999999977e+02
1.098399699999999939e+02 2.441299999999999955e+02
1.105553600000000074e+02 2.466899999999999977e+02
1.118768000000000029e+02 2.579300000000000068e+02
1.126360600000000147e+02 2.567900000000000205e+02
1.129417300000000068e+02 2.631200000000000045e+02
1.131192700000000002e+02 2.647500000000000000e+02
1.136786399999999873e+02 2.605799999999999841e+02
1.142500000000000000e+02 2.678999999999999773e+02
1.148153899999999936e+02 2.750699999999999932e+02
1.154466699999999975e+02 2.769599999999999795e+02
1.159085800000000006e+02 2.731600000000000250e+02
1.164755800000000079e+02 2.736299999999999955e+02
1.171855500000000063e+02 2.740299999999999727e+02
1.176193600000000146e+02 2.749800000000000182e+02
1.186582700000000017e+02 2.777200000000000273e+02
1.192425199999999990e+02 2.677400000000000091e+02
1.197155000000000058e+02 2.745899999999999750e+02
1.201441200000000009e+02 2.687300000000000182e+02
1.205429100000000062e+02 2.768199999999999932e+02
1.214260199999999941e+02 2.794800000000000182e+02
1.218419699999999892e+02 2.766100000000000136e+02
1.220999999999999943e+02 2.782500000000000000e+02
1.222923600000000164e+02 2.790000000000000000e+02
1.230139499999999941e+02 2.791600000000000250e+02
1.236309100000000143e+02 2.746000000000000227e+02
1.239594799999999992e+02 2.758700000000000045e+02
1.244045199999999909e+02 2.815400000000000205e+02
1.248174499999999938e+02 2.755199999999999818e+02
1.252926300000000026e+02 2.768100000000000023e+02
1.260137000000000000e+02 2.751499999999999773e+02
1.266999100000000027e+02 2.730199999999999818e+02
1.269620299999999986e+02 2.749300000000000068e+02
1.273138300000000100e+02 2.757799999999999727e+02
1.275035500000000042e+02 2.768799999999999955e+02
1.280244800000000112e+02 2.760299999999999727e+02
1.281726699999999823e+02 2.807200000000000273e+02
1.284667300000000125e+02 2.857599999999999909e+02
1.288779999999999859e+02 2.710799999999999841e+02
1.290780399999999872e+02 2.684399999999999977e+02
1.296556399999999769e+02 2.606100000000000136e+02
1.303730300000000000e+02 2.518400000000000034e+02
1.308183600000000126e+02 2.508400000000000034e+02
1.313222000000000094e+02 2.411299999999999955e+02
1.319762399999999900e+02 2.322800000000000011e+02
1.327098799999999983e+02 2.280000000000000000e+02
1.329319600000000037e+02 2.246299999999999955e+02
1.337758100000000070e+02 2.227400000000000091e+02
1.345222799999999950e+02 2.124300000000000068e+02
1.365655500000000018e+02 2.037400000000000091e+02
1.377634199999999964e+02 1.991800000000000068e+02
1.388343000000000131e+02 1.985500000000000114e+02
1.399499700000000075e+02 1.927500000000000000e+02
1.423605600000000209e+02 1.965099999999999909e+02
1.436512999999999920e+02 1.945900000000000034e+02
1.447995899999999949e+02 1.960200000000000102e+02
1.461082399999999950e+02 1.935900000000000034e+02
1.482334699999999827e+02 1.958100000000000023e+02
1.494661499999999990e+02 2.017800000000000011e+02
1.505948800000000176e+02 2.025099999999999909e+02
1.514448500000000024e+02 2.023499999999999943e+02
1.537746600000000115e+02 1.987800000000000011e+02
1.548891299999999944e+02 1.963000000000000114e+02
1.563068199999999877e+02 1.893799999999999955e+02
1.586659999999999968e+02 1.890000000000000000e+02
1.597160000000000082e+02 1.855000000000000000e+02
1.601550000000000011e+02 1.875000000000000000e+02
1.638580000000000041e+02 2.043000000000000114e+02
1.643346500000000106e+02 1.965000000000000000e+02
1.661430000000000007e+02 1.915999999999999943e+02
1.667840000000000202e+02 1.900999999999999943e+02
1.679140999999999906e+02 1.866999999999999886e+02
1.687454999999999927e+02 1.838000000000000114e+02
1.695143999999999949e+02 1.965999999999999943e+02
1.719390000000000214e+02 1.978000000000000114e+02
1.744420000000000073e+02 1.976999999999999886e+02
1.758333499999999958e+02 1.960000000000000000e+02
1.768529999999999802e+02 1.903000000000000114e+02
1.775339299999999980e+02 1.894000000000000057e+02
1.777295000000000016e+02 1.900999999999999943e+02
1.798729999999999905e+02 2.076999999999999886e+02
1.813020000000000209e+02 2.131999999999999886e+02
1.821959999999999980e+02 2.176999999999999886e+02
1.832579999999999814e+02 1.980999999999999943e+02
1.843709999999999809e+02 1.996999999999999886e+02
1.864109999999999729e+02 2.034000000000000057e+02
1.884370000000000118e+02 2.106999999999999886e+02
1.898064999999999998e+02 2.313000000000000114e+02
1.912545000000000073e+02 2.314000000000000057e+02
1.919640799999999956e+02 2.203000000000000114e+02
1.930745000000000005e+02 2.180000000000000000e+02
1.951264999999999930e+02 2.265000000000000000e+02
1.957994999999999948e+02 2.200000000000000000e+02
1.975873499999999865e+02 2.264000000000000057e+02
1.983274499999999989e+02 2.411999999999999886e+02
1.989379999999999882e+02 2.425999999999999943e+02
2.017520000000000095e+02 2.509000000000000057e+02
2.027444999999999879e+02 2.390999999999999943e+02
2.038420000000000130e+02 2.475999999999999943e+02
2.052032800000000066e+02 2.444000000000000057e+02
2.055757600000000025e+02 2.319000000000000057e+02
2.059445800000000020e+02 2.321999999999999886e+02
2.063599399999999946e+02 2.285999999999999943e+02
2.068968500000000006e+02 2.263000000000000114e+02
2.072402999999999906e+02 2.294000000000000057e+02
2.076228899999999840e+02 2.314000000000000057e+02
2.081087799999999959e+02 2.380999999999999943e+02
2.082745299999999986e+02 2.371999999999999886e+02
2.088215700000000083e+02 2.300000000000000000e+02
2.090822600000000193e+02 2.405000000000000000e+02
2.094450399999999775e+02 2.421999999999999886e+02
2.099660899999999799e+02 2.445999999999999943e+02
2.101751700000000085e+02 2.439000000000000057e+02
2.108320700000000159e+02 2.471999999999999886e+02
2.110584700000000282e+02 2.520000000000000000e+02
2.115778399999999806e+02 2.469000000000000057e+02
2.120787500000000136e+02 2.395000000000000000e+02
2.125330799999999840e+02 2.573999999999999773e+02
2.133303500000000099e+02 2.434000000000000057e+02
2.141588100000000168e+02 2.511999999999999886e+02
2.150807499999999948e+02 2.414000000000000057e+02
2.159123400000000004e+02 2.403000000000000114e+02
2.163061500000000024e+02 2.425999999999999943e+02
2.168649700000000280e+02 2.475000000000000000e+02
2.174156399999999962e+02 2.516999999999999886e+02
2.176949600000000089e+02 2.510999999999999943e+02
2.182007899999999836e+02 2.453000000000000114e+02
2.190676100000000019e+02 2.405000000000000000e+02
2.209356200000000285e+02 2.140999999999999943e+02
2.216974600000000066e+02 2.160999999999999943e+02
2.225395799999999724e+02 2.070999999999999943e+02
2.231290400000000034e+02 2.088000000000000114e+02
2.242715100000000064e+02 2.055999999999999943e+02
2.262598299999999938e+02 2.033000000000000114e+02
2.268498400000000004e+02 2.156999999999999886e+02
2.277199799999999925e+02 2.355000000000000000e+02
2.284394200000000126e+02 2.345000000000000000e+02
2.287669899999999927e+02 2.330999999999999943e+02
2.295720499999999902e+02 2.245000000000000000e+02
2.311296600000000012e+02 2.324000000000000057e+02
2.321917700000000195e+02 2.339000000000000057e+02
2.328560600000000136e+02 2.415999999999999943e+02
2.359908599999999979e+02 2.451999999999999886e+02
2.364260100000000193e+02 2.520999999999999943e+02
2.368507999999999925e+02 2.414000000000000057e+02
2.373916600000000017e+02 2.474000000000000057e+02
2.379055299999999704e+02 2.430999999999999943e+02
2.384253399999999772e+02 2.390999999999999943e+02
2.390082600000000070e+02 2.455999999999999943e+02
2.393870399999999847e+02 2.458000000000000114e+02
2.397386600000000101e+02 2.474000000000000057e+02
2.401903700000000299e+02 2.528000000000000114e+02
2.413330499999999859e+02 2.596999999999999886e+02
2.418554000000000030e+02 2.631999999999999886e+02
2.426854600000000062e+02 2.790000000000000000e+02
2.431385200000000282e+02 2.801999999999999886e+02
2.441217700000000264e+02 2.636999999999999886e+02
2.445823399999999879e+02 2.523000000000000114e+02
2.450570100000000195e+02 2.499000000000000057e+02
2.455640000000000214e+02 2.366999999999999886e+02
2.461888100000000179e+02 2.304000000000000057e+02
2.468704899999999895e+02 2.194000000000000057e+02
2.490998700000000099e+02 2.146999999999999886e+02
2.513905700000000252e+02 2.001999999999999886e+02
2.521322600000000023e+02 2.139000000000000057e+02
2.529537200000000325e+02 1.954000000000000057e+02
2.537566799999999887e+02 1.966999999999999886e+02
2.545871099999999956e+02 1.954000000000000057e+02
2.562986599999999839e+02 1.990000000000000000e+02
2.570605899999999906e+02 2.019000000000000057e+02
2.579080700000000093e+02 2.040000000000000000e+02
2.593969000000000165e+02 2.039000000000000057e+02
2.608942399999999679e+02 2.095999999999999943e+02
2.612939200000000142e+02 2.056999999999999886e+02
2.620545799999999872e+02 2.089000000000000057e+02
2.628170999999999822e+02 2.145999999999999943e+02
2.645837599999999838e+02 2.280999999999999943e+02
2.661344500000000153e+02 1.999000000000000057e+02
2.670070000000000050e+02 2.116999999999999886e+02
2.682578299999999558e+02 1.886999999999999886e+02
2.689954999999999927e+02 1.871999999999999886e+02
2.699404700000000048e+02 1.941999999999999886e+02
2.710360400000000141e+02 1.988000000000000114e+02
2.721496399999999767e+02 1.846999999999999886e+02
2.731658299999999713e+02 1.904000000000000057e+02
2.741640799999999558e+02 1.939000000000000057e+02
2.751546399999999721e+02 1.940999999999999943e+02
2.762577200000000062e+02 1.984000000000000057e+02
2.774429999999999836e+02 1.931999999999999886e+02
2.785909100000000080e+02 2.021999999999999886e+02
2.796190500000000156e+02 2.045000000000000000e+02
2.805589499999999816e+02 2.110000000000000000e+02
2.814007399999999848e+02 2.153000000000000114e+02
2.825928900000000112e+02 2.236999999999999886e+02
2.844346799999999575e+02 2.313000000000000114e+02
2.859313200000000279e+02 2.280000000000000000e+02
2.866099600000000009e+02 2.264000000000000057e+02
2.874438600000000292e+02 2.314000000000000057e+02
2.878200499999999806e+02 2.304000000000000057e+02
2.882864299999999957e+02 2.310000000000000000e+02
2.901845000000000141e+02 2.349000000000000057e+02
2.908637899999999945e+02 2.204000000000000057e+02
2.915628700000000322e+02 2.170999999999999943e+02
2.928183099999999968e+02 2.075999999999999943e+02
2.936507399999999848e+02 2.060000000000000000e+02
2.944552899999999909e+02 2.066999999999999886e+02
2.953642299999999636e+02 2.126999999999999886e+02
2.968288699999999949e+02 2.130999999999999943e+02
2.987046200000000340e+02 2.170999999999999943e+02
2.993762800000000084e+02 2.244000000000000057e+02
3.001158700000000294e+02 2.310000000000000000e+02
3.010256200000000035e+02 2.360999999999999943e+02
3.020841899999999782e+02 2.390000000000000000e+02
3.031159999999999854e+02 2.360000000000000000e+02
3.041009200000000305e+02 2.401999999999999886e+02
3.050998099999999909e+02 2.406999999999999886e+02
3.057781499999999824e+02 2.501999999999999886e+02
3.065811199999999985e+02 2.485999999999999943e+02
3.074632700000000227e+02 2.448000000000000114e+02
3.083256999999999834e+02 2.258000000000000114e+02
3.094237299999999777e+02 2.278000000000000114e+02
3.100109799999999609e+02 2.261999999999999886e+02
3.107760999999999854e+02 2.331999999999999886e+02
3.116700299999999970e+02 2.378000000000000114e+02
3.125934299999999553e+02 2.390000000000000000e+02
3.133431299999999737e+02 2.419000000000000057e+02
3.140518500000000017e+02 2.515999999999999943e+02
3.148362099999999941e+02 2.566999999999999886e+02
3.156575200000000336e+02 2.571000000000000227e+02
3.164507200000000466e+02 2.468000000000000114e+02
3.171498700000000213e+02 2.726000000000000227e+02
3.179325499999999920e+02 2.515999999999999943e+02
3.188525999999999954e+02 2.451999999999999886e+02
3.198296599999999899e+02 2.334000000000000057e+02
3.209163399999999911e+02 2.558000000000000114e+02
3.218174500000000080e+02 2.491999999999999886e+02
3.233833500000000072e+02 2.571999999999999886e+02
3.241669200000000046e+02 2.603999999999999773e+02
3.250074099999999930e+02 2.603000000000000114e+02
3.258229999999999791e+02 2.605000000000000000e+02
3.265910900000000083e+02 2.661999999999999886e+02
3.274358399999999847e+02 2.640000000000000000e+02
3.280868100000000140e+02 2.661000000000000227e+02
3.287707500000000209e+02 2.701000000000000227e+02
3.294142899999999941e+02 2.718999999999999773e+02
3.300533299999999599e+02 2.751000000000000227e+02
3.312935499999999820e+02 2.650000000000000000e+02
3.321441200000000435e+02 2.716999999999999886e+02
3.327986200000000281e+02 2.726000000000000227e+02
3.335000900000000001e+02 2.731000000000000227e+02
3.339975600000000213e+02 2.823999999999999773e+02
3.343494999999999777e+02 2.891000000000000227e+02
3.345438899999999762e+02 2.883999999999999773e+02
3.351023099999999886e+02 2.986000000000000227e+02
3.357075100000000134e+02 2.781000000000000227e+02
3.363775400000000104e+02 2.858000000000000114e+02
3.368678199999999947e+02 2.786000000000000227e+02
3.375166700000000333e+02 2.705000000000000000e+02
3.382135000000000105e+02 2.556999999999999886e+02
3.389914400000000114e+02 2.419000000000000057e+02
3.399838899999999740e+02 2.395999999999999943e+02
3.407350799999999822e+02 2.341999999999999886e+02
3.427915600000000040e+02 2.500999999999999943e+02
3.439235899999999901e+02 2.006999999999999886e+02
3.450008500000000140e+02 2.051999999999999886e+02
3.463209100000000262e+02 2.048000000000000114e+02
3.475448099999999840e+02 2.119000000000000057e+02
3.491390900000000101e+02 2.203000000000000114e+02
3.516763500000000136e+02 2.210999999999999943e+02
3.531745999999999981e+02 2.161999999999999886e+02
3.544129800000000046e+02 2.094000000000000057e+02
3.558177699999999959e+02 2.091999999999999886e+02
3.590103799999999978e+02 1.930000000000000000e+02
3.606838399999999751e+02 1.860999999999999943e+02
3.625676000000000272e+02 1.858000000000000114e+02
3.651902299999999855e+02 2.011999999999999886e+02
3.680658999999999992e+02 2.063000000000000114e+02
3.713858700000000113e+02 2.019000000000000057e+02
3.734576200000000199e+02 1.999000000000000057e+02
3.752046000000000276e+02 2.146999999999999886e+02
3.770348799999999869e+02 2.245999999999999943e+02
3.787602400000000102e+02 2.295999999999999943e+02
3.829314899999999966e+02 2.270000000000000000e+02
3.845574500000000171e+02 2.400000000000000000e+02
3.862837099999999850e+02 2.390999999999999943e+02
3.878248200000000452e+02 2.468000000000000114e+02
3.894102100000000064e+02 2.458000000000000114e+02
3.922872499999999718e+02 2.581000000000000227e+02
3.929771499999999946e+02 2.595000000000000000e+02
3.940036900000000060e+02 2.736000000000000227e+02
3.949060999999999808e+02 2.606999999999999886e+02
3.982751299999999901e+02 2.763000000000000114e+02
3.999261599999999817e+02 2.771000000000000227e+02
4.007100800000000049e+02 2.831999999999999886e+02
4.021409199999999942e+02 2.831000000000000227e+02
4.028598399999999629e+02 2.756999999999999886e+02
4.043133000000000266e+02 2.765000000000000000e+02
4.050626299999999560e+02 2.805000000000000000e+02
4.065427999999999997e+02 2.796000000000000227e+02
4.072825000000000273e+02 2.856000000000000227e+02
4.088187200000000416e+02 2.845000000000000000e+02
4.095982399999999757e+02 2.746999999999999886e+02
4.104538000000000011e+02 2.826000000000000227e+02
4.113479700000000321e+02 2.835000000000000000e+02
4.132586499999999887e+02 2.748999999999999773e+02
4.142108600000000251e+02 2.648999999999999773e+02
4.151795900000000188e+02 2.716000000000000227e+02
4.159456099999999878e+02 2.763999999999999773e+02
4.164253199999999993e+02 2.716999999999999886e+02
4.174404399999999669e+02 2.733999999999999773e+02
4.179567799999999806e+02 2.718000000000000114e+02
4.185052999999999770e+02 2.746000000000000227e+02
4.195757800000000088e+02 2.736999999999999886e+02
4.201337599999999384e+02 2.711999999999999886e+02
4.207017599999999788e+02 2.738000000000000114e+02
4.219121499999999969e+02 2.686000000000000227e+02
4.225326499999999896e+02 2.663999999999999773e+02
4.232255000000000109e+02 2.706000000000000227e+02
4.245077499999999873e+02 2.676999999999999886e+02
4.251322599999999738e+02 2.683000000000000114e+02
4.257409099999999853e+02 2.708000000000000114e+02
4.262372700000000236e+02 2.700000000000000000e+02
4.266215599999999881e+02 2.653999999999999773e+02
4.271549599999999600e+02 2.553000000000000114e+02
4.279413999999999874e+02 2.520999999999999943e+02
4.288401999999999816e+02 2.481999999999999886e+02
4.291783599999999410e+02 2.425000000000000000e+02
4.310237599999999816e+02 2.196999999999999886e+02
4.321793099999999868e+02 2.271999999999999886e+02
4.338503000000000043e+02 2.115000000000000000e+02
4.343790700000000129e+02 2.075999999999999943e+02
4.359396900000000414e+02 2.098000000000000114e+02
4.374854200000000333e+02 2.075000000000000000e+02
4.390634200000000078e+02 2.003000000000000114e+02
4.406595800000000054e+02 2.016999999999999886e+02
4.422307799999999816e+02 2.013000000000000114e+02
4.438446500000000015e+02 2.020000000000000000e+02
4.453317299999999932e+02 1.990999999999999943e+02
4.472191799999999944e+02 2.010999999999999943e+02
4.484591800000000035e+02 2.035000000000000000e+02
4.495710400000000391e+02 2.080999999999999943e+02
4.506428900000000226e+02 2.016999999999999886e+02
4.517472799999999893e+02 2.011999999999999886e+02
4.527358400000000529e+02 2.049000000000000057e+02
4.537756400000000099e+02 2.019000000000000057e+02
4.548643099999999890e+02 1.984000000000000057e+02
4.560016099999999710e+02 1.933000000000000114e+02
4.571144400000000587e+02 1.925000000000000000e+02
4.577451299999999605e+02 1.990999999999999943e+02
4.582082900000000336e+02 2.043000000000000114e+02
4.587940099999999575e+02 2.033000000000000114e+02
4.592115499999999884e+02 2.083000000000000114e+02
4.602522099999999909e+02 2.024000000000000057e+02
4.612860599999999636e+02 1.955000000000000000e+02
4.624141000000000190e+02 1.906999999999999886e+02
4.635266500000000178e+02 1.944000000000000057e+02
4.645994699999999966e+02 1.999000000000000057e+02
4.652653599999999869e+02 2.051999999999999886e+02
4.656017299999999750e+02 2.100000000000000000e+02
4.666322999999999865e+02 2.080999999999999943e+02
4.677066400000000499e+02 2.044000000000000057e+02
4.688777099999999791e+02 2.034000000000000057e+02
4.700401299999999765e+02 2.055000000000000000e+02
4.707259799999999927e+02 2.065000000000000000e+02
4.712007900000000404e+02 2.155000000000000000e+02
4.718245299999999816e+02 2.186999999999999886e+02
4.722630700000000274e+02 2.291999999999999886e+02
4.728632700000000000e+02 2.326999999999999886e+02
4.732178200000000174e+02 2.436999999999999886e+02
4.738008500000000254e+02 2.439000000000000057e+02
4.740923599999999851e+02 2.455999999999999943e+02
4.749741099999999392e+02 2.411999999999999886e+02
4.759252000000000180e+02 2.330999999999999943e+02
4.769497999999999820e+02 2.328000000000000114e+02
4.779409999999999741e+02 2.365999999999999943e+02
4.788924599999999714e+02 2.390999999999999943e+02
4.794029499999999757e+02 2.365000000000000000e+02
4.797756900000000542e+02 2.313000000000000114e+02
4.803283000000000129e+02 2.208000000000000114e+02
4.807266799999999876e+02 2.188000000000000114e+02
4.816629599999999414e+02 2.238000000000000114e+02
4.825809599999999477e+02 2.234000000000000057e+02
4.833953799999999887e+02 2.273000000000000114e+02
4.841797900000000254e+02 2.314000000000000057e+02
4.849361799999999789e+02 2.314000000000000057e+02
4.856675200000000245e+02 2.311999999999999886e+02
4.863986700000000383e+02 2.330000000000000000e+02
4.871292500000000132e+02 2.329000000000000057e+02
4.878480700000000070e+02 2.313000000000000114e+02
4.885654499999999985e+02 2.370999999999999943e+02
4.893020900000000211e+02 2.420000000000000000e+02
4.897197900000000459e+02 2.409000000000000057e+02
4.900262900000000172e+02 2.528000000000000114e+02
4.904949099999999476e+02 2.493000000000000114e+02
4.907339499999999930e+02 2.425999999999999943e+02
4.914510799999999904e+02 2.433000000000000114e+02
4.921545499999999720e+02 2.466999999999999886e+02
4.928637799999999629e+02 2.436999999999999886e+02
4.935931099999999674e+02 2.396999999999999886e+02
4.943003900000000499e+02 2.390999999999999943e+02
4.950241299999999569e+02 2.383000000000000114e+02
4.957256900000000428e+02 2.385000000000000000e+02
4.964440700000000106e+02 2.375999999999999943e+02
4.971876299999999560e+02 2.364000000000000057e+02
4.979659800000000018e+02 2.365000000000000000e+02
4.987374200000000428e+02 2.328000000000000114e+02
4.995267799999999738e+02 2.305999999999999943e+02
5.003047799999999938e+02 2.308000000000000114e+02
5.010839599999999905e+02 2.281999999999999886e+02
5.018614200000000096e+02 2.308000000000000114e+02
5.026376400000000331e+02 2.311999999999999886e+02
5.034189299999999889e+02 2.320000000000000000e+02
5.041771900000000528e+02 2.321999999999999886e+02
5.049117799999999647e+02 2.340999999999999943e+02
5.056842400000000453e+02 2.339000000000000057e+02
5.064837299999999800e+02 2.355000000000000000e+02
5.073124000000000251e+02 2.360000000000000000e+02
5.081177200000000198e+02 2.381999999999999886e+02
5.089409799999999677e+02 2.370000000000000000e+02
5.097849799999999618e+02 2.403000000000000114e+02
5.106523300000000063e+02 2.334000000000000057e+02
5.115124500000000012e+02 2.364000000000000057e+02
5.123637800000000198e+02 2.351999999999999886e+02
5.132047400000000152e+02 2.420000000000000000e+02
5.140331200000000536e+02 2.381999999999999886e+02
5.148477799999999434e+02 2.391999999999999886e+02
5.156507799999999406e+02 2.415000000000000000e+02
5.164209799999999859e+02 2.430000000000000000e+02
5.171549800000000232e+02 2.471999999999999886e+02
5.178760099999999511e+02 2.461999999999999886e+02
5.186004599999999982e+02 2.455000000000000000e+02
5.193291299999999637e+02 2.453000000000000114e+02
5.200733599999999797e+02 2.476999999999999886e+02
5.208218099999999140e+02 2.455000000000000000e+02
5.215744700000000194e+02 2.435000000000000000e+02
5.238018200000000206e+02 2.419000000000000057e+02
5.245708700000000135e+02 2.368000000000000114e+02
5.253369999999999891e+02 2.358000000000000114e+02
5.261069999999999709e+02 2.336999999999999886e+02
5.268958099999999831e+02 2.303000000000000114e+02
5.276986900000000560e+02 2.278000000000000114e+02
5.285166900000000396e+02 2.246999999999999886e+02
5.294034299999999575e+02 2.226999999999999886e+02
5.302905099999999265e+02 2.211999999999999886e+02
5.312013799999999719e+02 2.203000000000000114e+02
5.320787599999999884e+02 2.206999999999999886e+02
5.325925300000000107e+02 2.145000000000000000e+02
5.329875700000000052e+02 2.114000000000000057e+02
5.335543700000000626e+02 2.044000000000000057e+02
5.339322400000000926e+02 2.000000000000000000e+02
5.346681800000000067e+02 1.950999999999999943e+02
5.350435599999999567e+02 1.938000000000000114e+02
5.356950500000000375e+02 1.905000000000000000e+02
5.361784700000000612e+02 1.998000000000000114e+02
5.373344700000000103e+02 1.994000000000000057e+02
5.384407599999999547e+02 2.050000000000000000e+02
5.395138200000000097e+02 2.064000000000000057e+02
5.405838200000000597e+02 2.129000000000000057e+02
5.416538199999999961e+02 2.111999999999999886e+02
5.427402099999999336e+02 2.050000000000000000e+02
5.438448700000000144e+02 2.035999999999999943e+02
5.448859899999999925e+02 2.080999999999999943e+02
5.458649100000000089e+02 2.103000000000000114e+02
5.468301500000000033e+02 2.095999999999999943e+02
5.478066800000000285e+02 2.096999999999999886e+02
5.487707799999999452e+02 2.045999999999999943e+02
5.497201099999999769e+02 2.025000000000000000e+02
5.502307299999999941e+02 2.088000000000000114e+02
5.505825499999999693e+02 2.135999999999999943e+02
5.513810900000000856e+02 2.151999999999999886e+02
5.521110899999999901e+02 2.199000000000000057e+02
5.526815599999999904e+02 2.216999999999999886e+02
5.530209200000000465e+02 2.223000000000000114e+02
5.532459900000000061e+02 2.263000000000000114e+02
5.536193900000000667e+02 2.220999999999999943e+02
5.538086499999999432e+02 2.203000000000000114e+02
5.544796200000000681e+02 2.235999999999999943e+02
5.551583500000000413e+02 2.243000000000000114e+02
5.558423500000000104e+02 2.266999999999999886e+02
5.564070199999999886e+02 2.339000000000000057e+02
5.569232900000000654e+02 2.410000000000000000e+02
5.571986500000000433e+02 2.430000000000000000e+02
5.573850499999999784e+02 2.490999999999999943e+02
5.576571400000000267e+02 2.440000000000000000e+02
5.578382100000000037e+02 2.505000000000000000e+02
5.581545599999999467e+02 2.455999999999999943e+02
5.583060199999999895e+02 2.404000000000000057e+02
5.587776900000000069e+02 2.380999999999999943e+02
5.593160100000000057e+02 2.345000000000000000e+02
5.596367599999999811e+02 2.296999999999999886e+02
5.598726199999999835e+02 2.301999999999999886e+02
5.604366200000000617e+02 2.303000000000000114e+02
5.609655999999999949e+02 2.283000000000000114e+02
5.614507399999999961e+02 2.315999999999999943e+02
5.618880699999999706e+02 2.319000000000000057e+02
5.623104900000000725e+02 2.345999999999999943e+02
5.626556000000000495e+02 2.340999999999999943e+02
5.631348500000000286e+02 2.400999999999999943e+02
5.635357400000000325e+02 2.423000000000000114e+02
5.639279000000000224e+02 2.456999999999999886e+02
5.643105600000000095e+02 2.458000000000000114e+02
5.647243599999999333e+02 2.475999999999999943e+02
5.651343000000000529e+02 2.514000000000000057e+02
5.655389599999999746e+02 2.524000000000000057e+02
5.658956400000000713e+02 2.525999999999999943e+02
5.662453000000000429e+02 2.514000000000000057e+02
5.665886400000000549e+02 2.536999999999999886e+02
5.669183500000000322e+02 2.543000000000000114e+02
5.672394900000000462e+02 2.539000000000000057e+02
5.675486499999999523e+02 2.545000000000000000e+02
5.678848900000000413e+02 2.531999999999999886e+02
5.682041400000000522e+02 2.539000000000000057e+02
5.685342400000000680e+02 2.528000000000000114e+02
5.689301500000000260e+02 2.530000000000000000e+02
5.693145900000000665e+02 2.501999999999999886e+02
5.696839300000000321e+02 2.513000000000000114e+02
5.700672499999999445e+02 2.500000000000000000e+02
5.704634599999999409e+02 2.513000000000000114e+02
5.708621299999999792e+02 2.518000000000000114e+02
5.712614399999999932e+02 2.518000000000000114e+02
5.716333599999999251e+02 2.495999999999999943e+02
5.719746900000000096e+02 2.515999999999999943e+02
5.723155000000000427e+02 2.503000000000000114e+02
5.726698700000000599e+02 2.463100000000000023e+02
5.730535200000000486e+02 2.476599999999999966e+02
5.734757499999999482e+02 2.491899999999999977e+02
5.739130200000000741e+02 2.487199999999999989e+02
5.743646499999999833e+02 2.517700000000000102e+02
5.748060000000000400e+02 2.518600000000000136e+02
5.752339599999999109e+02 2.520800000000000125e+02
5.756545300000000225e+02 2.488600000000000136e+02
5.761128499999999804e+02 2.525399999999999920e+02
5.765991000000000213e+02 2.529000000000000057e+02
5.771150999999999840e+02 2.513000000000000114e+02
5.776538500000000340e+02 2.513400000000000034e+02
5.781963500000000522e+02 2.510800000000000125e+02
5.787423499999999876e+02 2.490600000000000023e+02
5.792805499999999483e+02 2.529199999999999875e+02
5.798331200000000081e+02 2.514699999999999989e+02
5.802105000000000246e+02 2.441399999999999864e+02
5.804017800000000307e+02 2.438100000000000023e+02
5.808139999999999645e+02 2.361699999999999875e+02
5.811186500000000024e+02 2.302599999999999909e+02
5.815465299999999615e+02 2.252100000000000080e+02
5.819283000000000357e+02 2.194099999999999966e+02
5.824545299999999770e+02 2.154499999999999886e+02
5.828363000000000511e+02 2.098799999999999955e+02
5.835742500000000064e+02 2.066800000000000068e+02
5.839587999999999965e+02 2.106399999999999864e+02
5.867208400000000665e+02 2.239600000000000080e+02
5.871718499999999494e+02 2.259900000000000091e+02
5.878886700000000474e+02 2.344000000000000057e+02
5.882793500000000222e+02 2.387800000000000011e+02
5.889409000000000560e+02 2.463499999999999943e+02
5.894253499999999804e+02 2.501999999999999886e+02
5.900401500000000397e+02 2.480999999999999943e+02
5.904887999999999693e+02 2.435600000000000023e+02
5.910194700000000694e+02 2.373799999999999955e+02
5.923834699999999884e+02 2.256800000000000068e+02
5.927855200000000195e+02 2.293899999999999864e+02
5.935612499999999727e+02 2.331599999999999966e+02
5.940467499999999745e+02 2.381500000000000057e+02
5.948638099999999440e+02 2.379799999999999898e+02
5.954364699999999857e+02 2.329199999999999875e+02
5.962215599999999540e+02 2.212199999999999989e+02
5.967911299999999528e+02 2.164399999999999977e+02
5.978036099999999351e+02 2.162700000000000102e+02
5.983297499999999900e+02 2.190200000000000102e+02
5.992182199999999739e+02 2.259699999999999989e+02
5.998146299999999655e+02 2.293799999999999955e+02
6.012551499999999578e+02 2.324499999999999886e+02
6.026007499999999482e+02 2.378600000000000136e+02
6.039491500000000315e+02 2.391399999999999864e+02
6.053031499999999596e+02 2.445300000000000011e+02
6.066259099999999762e+02 2.484799999999999898e+02
6.079792999999999665e+02 2.545800000000000125e+02
6.092472999999999956e+02 2.592200000000000273e+02
6.104294999999999618e+02 2.577400000000000091e+02
6.115510100000000193e+02 2.578199999999999932e+02
6.116006300000000238e+02 2.596800000000000068e+02
6.127619700000000194e+02 2.581399999999999864e+02
6.139428000000000338e+02 2.561899999999999977e+02
6.151405999999999494e+02 2.527500000000000000e+02
6.162991200000000163e+02 2.529000000000000057e+02
6.163565999999999576e+02 2.527299999999999898e+02
6.176095699999999624e+02 2.526399999999999864e+02
6.189537500000000136e+02 2.482899999999999920e+02
6.202837500000000546e+02 2.458899999999999864e+02
6.216514499999999543e+02 2.435300000000000011e+02
6.229507300000000214e+02 2.438899999999999864e+02
6.230549499999999625e+02 2.391899999999999977e+02
6.244969499999999698e+02 2.379300000000000068e+02
6.253979199999999992e+02 2.350200000000000102e+02
6.260475000000000136e+02 2.285099999999999909e+02
6.269694299999999885e+02 2.157100000000000080e+02
6.278301000000000158e+02 2.057599999999999909e+02
6.291396200000000363e+02 1.995200000000000102e+02
6.297698500000000195e+02 2.052700000000000102e+02
6.298660999999999603e+02 2.007800000000000011e+02
6.315263200000000552e+02 2.004600000000000080e+02
6.323569400000000087e+02 1.965000000000000000e+02
6.340775399999999991e+02 1.930999999999999943e+02
6.348811400000000731e+02 1.959499999999999886e+02
6.350090299999999388e+02 1.948600000000000136e+02
6.365215599999999085e+02 1.940000000000000000e+02
6.377143700000000308e+02 1.953300000000000125e+02
6.394182700000000068e+02 1.888499999999999943e+02
6.403722500000000082e+02 1.901800000000000068e+02
6.420746000000000322e+02 1.913799999999999955e+02
6.428566499999999451e+02 1.915600000000000023e+02
6.443008300000000190e+02 1.953100000000000023e+02
6.451506500000000415e+02 1.958199999999999932e+02
6.463769499999999653e+02 1.898899999999999864e+02
6.472548500000000331e+02 1.918499999999999943e+02
6.486124200000000428e+02 1.934799999999999898e+02
6.491911000000000058e+02 1.961699999999999875e+02
6.503484599999999318e+02 1.892500000000000000e+02
6.509470999999999776e+02 1.934399999999999977e+02
6.521042599999999538e+02 1.872700000000000102e+02
6.527089499999999589e+02 1.867899999999999920e+02
6.537302499999999554e+02 1.928700000000000045e+02
6.544386500000000524e+02 1.948199999999999932e+02
6.555243500000000267e+02 2.000000000000000000e+02
6.561326500000000124e+02 2.003499999999999943e+02
6.571810900000000402e+02 1.929300000000000068e+02
6.576542099999999209e+02 1.892299999999999898e+02
6.577219999999999800e+02 1.908799999999999955e+02
6.587640999999999849e+02 1.840999999999999943e+02
6.592938199999999824e+02 1.873799999999999955e+02
6.594118999999999460e+02 1.856800000000000068e+02
6.604635500000000548e+02 1.884300000000000068e+02
6.611183200000000397e+02 1.939699999999999989e+02
6.612159000000000333e+02 1.915900000000000034e+02
6.622821799999999257e+02 1.896899999999999977e+02
6.627966099999999869e+02 1.939099999999999966e+02
6.628775500000000420e+02 1.908600000000000136e+02
6.639375200000000632e+02 1.910200000000000102e+02
6.643203999999999496e+02 1.925500000000000114e+02
6.644080900000000156e+02 1.877700000000000102e+02
6.653219400000000405e+02 1.801699999999999875e+02
6.658365200000000641e+02 1.805399999999999920e+02
6.667533599999999296e+02 1.747700000000000102e+02
6.674098599999999806e+02 1.737100000000000080e+02
6.684152599999999893e+02 1.777100000000000080e+02
6.689155400000000782e+02 1.806699999999999875e+02
6.698192999999999984e+02 1.876599999999999966e+02
6.702963200000000370e+02 1.915099999999999909e+02
6.710707499999999754e+02 1.948799999999999955e+02
6.714579300000000330e+02 1.968300000000000125e+02
6.721508800000000292e+02 1.947899999999999920e+02
6.727613800000000310e+02 1.971299999999999955e+02
6.736961099999999760e+02 2.011200000000000045e+02
6.742293799999999919e+02 2.046699999999999875e+02
6.750284000000000333e+02 2.116899999999999977e+02
6.754065299999999752e+02 2.161200000000000045e+02
6.765307400000000371e+02 2.225699999999999932e+02
6.771523099999999431e+02 2.199600000000000080e+02
6.776007400000000871e+02 2.165900000000000034e+02
6.783281799999999748e+02 2.182100000000000080e+02
6.787416200000000117e+02 2.200900000000000034e+02
6.794553700000000163e+02 2.291599999999999966e+02
6.797351700000000392e+02 2.326999999999999886e+02
6.803125800000000254e+02 2.336100000000000136e+02
6.806276100000000042e+02 2.331100000000000136e+02
6.812256700000000365e+02 2.258100000000000023e+02
6.816699300000000221e+02 2.279000000000000057e+02
6.823437099999999873e+02 2.213100000000000023e+02
6.827400900000000092e+02 2.191399999999999864e+02
6.834578599999999824e+02 2.202400000000000091e+02
6.838287500000000136e+02 2.226999999999999886e+02
6.844236799999999903e+02 2.256399999999999864e+02
6.847580600000000004e+02 2.243600000000000136e+02
6.852948400000000220e+02 2.218199999999999932e+02
6.856798700000000508e+02 2.206200000000000045e+02
6.862691099999999551e+02 2.206299999999999955e+02
6.865818100000000186e+02 2.226200000000000045e+02
6.871540400000000091e+02 2.226999999999999886e+02
6.874455000000000382e+02 2.229699999999999989e+02
6.880003799999999501e+02 2.267299999999999898e+02
6.883001299999999674e+02 2.276500000000000057e+02
6.888098700000000463e+02 2.276399999999999864e+02
6.891578299999999899e+02 2.306699999999999875e+02
6.896932600000000093e+02 2.320699999999999932e+02
6.899514500000000226e+02 2.322700000000000102e+02
6.904746499999999969e+02 2.358000000000000114e+02
6.907363900000000285e+02 2.364499999999999886e+02
6.912218299999999545e+02 2.392899999999999920e+02
6.914676699999999983e+02 2.384199999999999875e+02
6.919679599999999482e+02 2.393799999999999955e+02
6.923183400000000347e+02 2.435600000000000023e+02
6.928324599999999691e+02 2.393000000000000114e+02
6.930770899999999983e+02 2.384699999999999989e+02
6.935740400000000818e+02 2.436999999999999886e+02
6.938212900000000900e+02 2.377599999999999909e+02
6.942803499999999985e+02 2.393400000000000034e+02
6.945368200000000343e+02 2.404600000000000080e+02
6.949491400000000567e+02 2.393100000000000023e+02
6.952592599999999265e+02 2.398000000000000114e+02
6.957323099999999840e+02 2.368000000000000114e+02
6.959818799999999328e+02 2.387400000000000091e+02
6.964348899999999958e+02 2.380500000000000114e+02
6.966448299999999563e+02 2.381299999999999955e+02
6.970902899999999818e+02 2.394399999999999977e+02
6.973424499999999853e+02 2.384199999999999875e+02
6.977466799999999694e+02 2.398799999999999955e+02
6.980389999999999873e+02 2.410300000000000011e+02
6.985055399999999963e+02 2.409000000000000057e+02
6.987532300000000305e+02 2.418300000000000125e+02
6.992157499999999573e+02 2.388600000000000136e+02
6.994390200000000277e+02 2.390099999999999909e+02
6.998647099999999455e+02 2.397299999999999898e+02
7.001036900000000287e+02 2.372100000000000080e+02
7.004850199999999631e+02 2.367199999999999989e+02
7.008148400000000038e+02 2.366100000000000136e+02
7.012685299999999415e+02 2.354199999999999875e+02
7.015245200000000523e+02 2.324600000000000080e+02
7.019931500000000142e+02 2.308799999999999955e+02
7.022009199999999964e+02 2.321599999999999966e+02
7.027342700000000377e+02 2.321800000000000068e+02
7.030099799999999277e+02 2.305900000000000034e+02
7.034685200000000123e+02 2.333499999999999943e+02
7.037960699999999861e+02 2.322800000000000011e+02
7.042505200000000514e+02 2.328300000000000125e+02
7.045818100000000186e+02 2.335399999999999920e+02
7.050533400000000483e+02 2.340399999999999920e+02
7.052439099999999144e+02 2.350900000000000034e+02
7.057269499999999880e+02 2.371800000000000068e+02
7.060531999999999471e+02 2.376599999999999966e+02
7.064929499999999507e+02 2.360500000000000114e+02
7.067107399999999870e+02 2.360500000000000114e+02
7.073106999999999971e+02 2.388499999999999943e+02
7.076437300000000050e+02 2.335099999999999909e+02
7.081996799999999439e+02 2.335800000000000125e+02
7.084134500000000116e+02 2.331100000000000136e+02
7.089591500000000224e+02 2.348400000000000034e+02
7.094537900000000263e+02 2.314300000000000068e+02
7.099095499999999674e+02 2.305099999999999909e+02
7.104564500000000180e+02 2.270300000000000011e+02
7.109833599999999478e+02 2.249000000000000057e+02
7.113990400000000136e+02 2.253899999999999864e+02
7.120214700000000221e+02 2.241200000000000045e+02
7.122437300000000278e+02 2.240000000000000000e+02
7.133125000000000000e+02 2.238899999999999864e+02
7.140655799999999545e+02 2.276399999999999864e+02
7.144038000000000466e+02 2.270800000000000125e+02
7.151157299999999850e+02 2.231399999999999864e+02
7.155653800000000047e+02 2.275800000000000125e+02
7.163101599999999962e+02 2.135999999999999943e+02
7.165859100000000126e+02 2.105099999999999909e+02
7.173482700000000705e+02 1.984300000000000068e+02
7.179554799999999659e+02 1.898799999999999955e+02
7.187783500000000458e+02 1.934600000000000080e+02
7.192871800000000349e+02 2.008199999999999932e+02
7.200872900000000527e+02 2.120300000000000011e+02
7.205907599999999320e+02 2.170399999999999920e+02
7.214075199999999768e+02 2.191999999999999886e+02
7.216898599999999533e+02 2.189600000000000080e+02
7.225058099999999968e+02 2.160999999999999943e+02
7.229945900000000165e+02 2.121100000000000136e+02
7.237802299999999605e+02 2.125500000000000114e+02
7.241419999999999391e+02 2.140099999999999909e+02
7.249753599999999096e+02 2.104799999999999898e+02
7.254744299999999839e+02 2.114900000000000091e+02
7.262495900000000120e+02 2.110800000000000125e+02
7.265768600000000106e+02 2.114300000000000068e+02
7.278985000000000127e+02 2.100699999999999932e+02
7.285938999999999623e+02 2.102400000000000091e+02
7.289875299999999925e+02 2.110800000000000125e+02
7.298369400000000269e+02 2.100099999999999909e+02
7.302603100000000040e+02 2.121699999999999875e+02
7.309083099999999149e+02 2.101599999999999966e+02
7.311842299999999568e+02 2.106999999999999886e+02
7.318610000000001037e+02 2.116200000000000045e+02
7.323217499999999518e+02 2.137299999999999898e+02
7.329935000000000400e+02 2.081100000000000136e+02
7.333289999999999509e+02 2.077199999999999989e+02
7.340222300000000359e+02 2.105999999999999943e+02
7.344626200000000154e+02 2.161500000000000057e+02
7.351345700000000534e+02 2.146599999999999966e+02
7.354099099999999680e+02 2.178799999999999955e+02
7.361073099999999840e+02 2.171899999999999977e+02
7.365222200000000612e+02 2.131399999999999864e+02
7.372698199999999815e+02 2.069199999999999875e+02
7.376601200000000063e+02 2.045200000000000102e+02
7.385809900000000425e+02 1.917400000000000091e+02
7.391745599999999286e+02 1.856100000000000136e+02
7.401064499999999953e+02 1.854000000000000057e+02
7.404609199999999873e+02 1.833899999999999864e+02
7.413298999999999523e+02 1.847700000000000102e+02
7.418741300000000365e+02 1.891399999999999864e+02
7.426447500000000446e+02 1.886500000000000057e+02
7.430621700000000374e+02 1.873300000000000125e+02
7.439590799999999717e+02 1.881800000000000068e+02
7.445231400000000122e+02 1.889699999999999989e+02
7.456710500000000366e+02 1.872899999999999920e+02
7.466199299999999539e+02 1.902400000000000091e+02
7.471770400000000336e+02 1.879199999999999875e+02
7.479402000000000044e+02 1.879499999999999886e+02
7.483368799999999510e+02 1.875399999999999920e+02
7.492629299999999830e+02 1.886800000000000068e+02
7.498141799999999648e+02 1.901699999999999875e+02
7.507064400000000433e+02 1.920800000000000125e+02
7.510362499999999955e+02 1.913000000000000114e+02
7.519738700000000335e+02 1.935500000000000114e+02
7.525658799999999928e+02 1.975000000000000000e+02
7.534890699999999697e+02 1.954300000000000068e+02
7.539346500000000333e+02 2.039000000000000057e+02
7.551145799999999326e+02 1.990500000000000114e+02
7.555868299999999635e+02 2.033000000000000114e+02
7.565661700000000565e+02 2.080999999999999943e+02
7.568506800000000112e+02 2.094499999999999886e+02
7.577854499999999689e+02 2.136100000000000136e+02
7.583624200000000428e+02 2.183499999999999943e+02
7.591356900000000678e+02 2.227199999999999989e+02
7.595618799999999737e+02 2.269399999999999977e+02
7.598782099999999673e+02 2.230200000000000102e+02
7.601082700000000614e+02 2.253700000000000045e+02
7.605160599999999249e+02 2.256200000000000045e+02
7.609399400000000924e+02 2.227100000000000080e+02
7.618644900000000462e+02 2.166399999999999864e+02
7.621660400000000664e+02 2.146899999999999977e+02
7.631018000000000256e+02 2.140000000000000000e+02
7.637705799999999954e+02 2.199499999999999886e+02
7.646768799999999828e+02 2.238899999999999864e+02
7.651818200000000161e+02 2.229300000000000068e+02
7.655866399999999885e+02 2.336599999999999966e+02
7.658514800000000378e+02 2.294099999999999966e+02
7.661884999999999764e+02 2.321200000000000045e+02
7.668089099999999689e+02 2.306200000000000045e+02
7.677471600000000080e+02 2.248600000000000136e+02
7.681172599999999875e+02 2.238199999999999932e+02
7.690613799999999856e+02 2.216399999999999864e+02
7.696514200000000301e+02 2.258700000000000045e+02
7.705991500000000087e+02 2.306299999999999955e+02
7.710206699999999955e+02 2.295600000000000023e+02
7.715193299999999681e+02 2.363199999999999932e+02
7.718126700000000255e+02 2.342400000000000091e+02
7.721752599999999802e+02 2.397100000000000080e+02
7.724745599999999968e+02 2.438899999999999864e+02
7.727379599999999300e+02 2.464900000000000091e+02
7.729956400000000940e+02 2.438499999999999943e+02
7.732498199999999997e+02 2.460300000000000011e+02
7.736844700000000330e+02 2.377800000000000011e+02
7.740441400000000840e+02 2.392299999999999898e+02
7.749588099999999713e+02 2.383899999999999864e+02
7.755380099999999857e+02 2.417400000000000091e+02
7.763322600000000193e+02 2.453199999999999932e+02
7.767826999999999771e+02 2.489199999999999875e+02
7.776817499999999654e+02 2.473000000000000114e+02
7.782327900000000227e+02 2.524600000000000080e+02
7.790579799999999295e+02 2.549300000000000068e+02
7.793675500000000511e+02 2.546899999999999977e+02
7.801889200000000528e+02 2.544300000000000068e+02
7.807194400000000769e+02 2.525200000000000102e+02
7.815628299999999626e+02 2.572099999999999795e+02
7.818866799999999557e+02 2.515099999999999909e+02
7.827284499999999525e+02 2.574399999999999977e+02
7.831985300000000052e+02 2.550200000000000102e+02
7.842617599999999811e+02 2.609200000000000159e+02
7.850340800000000172e+02 2.558499999999999943e+02
7.855190499999999929e+02 2.596600000000000250e+02
7.861896000000000413e+02 2.622300000000000182e+02
7.865632600000000139e+02 2.643500000000000227e+02
7.873555099999999811e+02 2.693600000000000136e+02
7.878035700000000361e+02 2.660000000000000000e+02
7.884792400000000043e+02 2.571999999999999886e+02
7.886918699999999944e+02 2.570199999999999818e+02
7.894940400000000409e+02 2.386399999999999864e+02
7.899530099999999493e+02 2.354900000000000091e+02
7.906394099999999980e+02 2.273799999999999955e+02
7.910568799999999783e+02 2.305500000000000114e+02
7.920307799999999361e+02 2.246899999999999977e+02
7.926173000000000002e+02 2.144499999999999886e+02
7.935193900000000440e+02 2.133600000000000136e+02
7.938527599999999893e+02 2.183899999999999864e+02
7.951224499999999580e+02 2.087899999999999920e+02
7.956873199999999997e+02 2.046200000000000045e+02
7.968525900000000775e+02 1.987899999999999920e+02
7.973788200000000188e+02 1.979099999999999966e+02
7.986812999999999647e+02 2.004900000000000091e+02
8.012360599999999522e+02 1.986800000000000068e+02
8.028720900000000711e+02 1.986599999999999966e+02
8.037092499999999973e+02 2.026500000000000057e+02
8.039252799999999297e+02 2.029199999999999875e+02
8.040098699999999781e+02 2.075000000000000000e+02
8.045226700000000619e+02 2.048600000000000136e+02
8.051324400000000878e+02 2.022299999999999898e+02
8.056688699999999699e+02 2.072899999999999920e+02
